Intervalo	Inicio	Fin	Count	Q	u/R	Sigma	q_Comulate	q/Q
(0.0, 0.08)	0.0	0.08	54	1.0	0.01	4.125560160792218	54	0.00016589912718625863
(0.08, 0.16)	0.08	0.16	175	1.0	0.03	4.45662363048542	229	0.0007035351875120968
(0.16, 0.24)	0.16	0.24	274	1.0	0.05	4.186679570581732	503	0.001545319647679409
(0.24, 0.32)	0.24	0.32	407	1.0	0.07	4.442071390059345	910	0.0027957075136943585
(0.32, 0.4)	0.32	0.4	517	1.0	0.09	4.388713175163736	1427	0.004384038046199835
(0.4, 0.48)	0.4	0.48	643	1.0	0.11	4.465884147120198	2070	0.006359466542139915
(0.48, 0.56)	0.48	0.56	711	1.0	0.13	4.178451957725449	2781	0.008543805050092319
(0.56, 0.64)	0.56	0.64	833	1.0	0.15000000000000002	4.242705696222122	3614	0.01110295269724331
(0.64, 0.72)	0.64	0.72	969	1.0	0.16999999999999998	4.3547579475028995	4583	0.01407992036841895
(0.72, 0.8)	0.72	0.8	1089	1.0	0.19	4.378884030314541	5672	0.017425552766675165
(0.8, 0.88)	0.8	0.88	1199	1.0	0.21000000000000002	4.362034067715939	6871	0.02110912783142191
(0.88, 0.96)	0.88	0.96	1353	1.0	0.22999999999999998	4.494269643761571	8224	0.02526582262925539
(0.96, 1.04)	0.96	1.04	1475	1.0	0.25	4.507556471976678	9699	0.029797326566287453
(1.04, 1.12)	1.04	1.12	1572	1.0	0.27	4.448134823570208	11271	0.034626834491042986
(1.12, 1.2)	1.12	1.2	1699	1.0	0.29000000000000004	4.475942984154526	12970	0.03984651258529212
(1.2, 1.28)	1.2	1.28	1876	1.0	0.31	4.62338761149713	14846	0.045609971151985104
(1.28, 1.36)	1.28	1.36	1970	1.0	0.33	4.560804442626632	16816	0.05166221708822454
(1.36, 1.44)	1.36	1.44	2029	1.0	0.35	4.428974373675888	18845	0.05789572318194526
(1.44, 1.52)	1.44	1.52	2298	1.0	0.37	4.745013638388644	21143	0.06495565270553827
(1.52, 1.6)	1.52	1.6	2436	1.0	0.39	4.772015456642841	23579	0.07243954666527393
(1.6, 1.68)	1.6	1.68	2499	1.0	0.41000000000000003	4.656628203170636	26078	0.0801169896067269
(1.68, 1.76)	1.68	1.76	2686	1.0	0.43	4.772288799262655	28764	0.08836893508121377
(1.76, 1.84)	1.76	1.84	2894	1.0	0.45	4.913321442523732	31658	0.09725989941597363
(1.84, 1.92)	1.84	1.92	3076	1.0	0.47	5.000087885971976	34734	0.10671000525347236
(1.92, 2.0)	1.92	2.0	3251	1.0	0.49	5.068857174125283	37985	0.11669774715129694
(2.0, 2.08)	2.0	2.08	3401	1.0	0.51	5.094782173875931	41386	0.1271463199579722
(2.08, 2.16)	2.08	2.16	3640	1.0	0.53	5.2470436706092505	45026	0.13832915001274965
(2.16, 2.24)	2.16	2.24	3800	1.0	0.55	5.278494481821689	48826	0.15000353303696787
(2.24, 2.32)	2.24	2.32	4080	1.0	0.5700000000000001	5.468578770640773	52906	0.1625381337577074
(2.32, 2.4)	2.32	2.4	4238	1.0	0.59	5.487797853558511	57144	0.1755581430357697
(2.4, 2.48)	2.4	2.48	4400	1.0	0.61	5.510766456431614	61544	0.18907584969539076
(2.48, 2.56)	2.48	2.56	4696	1.0	0.63	5.694776753403955	66240	0.20350292934847727
(2.56, 2.64)	2.56	2.64	5021	1.0	0.65	5.9015491644836775	71261	0.2189284759707403
(2.64, 2.72)	2.64	2.72	5378	1.0	0.67	6.1324661538807375	76639	0.23545080015606806
(2.72, 2.8000000000000003)	2.72	2.8000000000000003	5418	1.0	0.6900000000000001	5.999002939122981	82057	0.252096012583756
(2.8000000000000003, 2.88)	2.8000000000000003	2.88	6036	1.0	0.71	6.495013336082927	88093	0.27063984835590893
(2.88, 2.96)	2.88	2.96	6368	1.0	0.73	6.664527423623754	94461	0.2902036565396514
(2.96, 3.04)	2.96	3.04	6645	1.0	0.75	6.768974634188707	101106	0.31061846580173824
(3.04, 3.12)	3.04	3.12	7259	1.0	0.77	7.202366812696166	108365	0.33291960958405403
(3.12, 3.2)	3.12	3.2	7665	1.0	0.79	7.41266259551624	116030	0.3564680690263257
(3.2, 3.2800000000000002)	3.2	3.2800000000000002	8311	1.0	0.81	7.838941585812561	124341	0.3820011735827145
(3.2800000000000002, 3.36)	3.2800000000000002	3.36	8982	1.0	0.8300000000000001	8.267688836286466	133323	0.40959572840469555
(3.36, 3.44)	3.36	3.44	9997	1.0	0.85	8.985452053908444	143320	0.44030857237656645
(3.44, 3.52)	3.44	3.52	11051	1.0	0.87	9.704462608964395	154371	0.47425952153462836
(3.52, 3.6)	3.52	3.6	12055	1.0	0.89	10.348237149053285	166426	0.5112949655759311
(3.6, 3.68)	3.6	3.68	13402	1.0	0.91	11.251680357130102	179828	0.5524686711787133
(3.68, 3.7600000000000002)	3.68	3.7600000000000002	16170	1.0	0.93	13.283613659898434	195998	0.6021462431528207
(3.7600000000000002, 3.84)	3.7600000000000002	3.84	22194	1.0	0.95	17.848476064059053	218192	0.6703307844263731
(3.84, 3.92)	3.84	3.92	16223	1.0	0.97	12.777579703805316	234415	0.7201711833216078
(3.92, 4.0)	3.92	4.0	91084	1.0	0.99	70.2904080968196	325499	1.0
(5.0, 5.06)	5.0	5.06	66297	-0.5	1.2574999999999998	-26.85244208625219	66297	0.20367804509384052
(5.06, 5.12)	5.06	5.12	23083	-0.5	1.2725	-9.23915740780189	89380	0.2745937775538481
(5.12, 5.18)	5.12	5.18	21301	-0.5	1.2875	-8.426566653245667	110681	0.3400348388167091
(5.18, 5.24)	5.18	5.24	18758	-0.5	1.3025	-7.335111252921931	129439	0.39766328007152096
(5.24, 5.3)	5.24	5.3	15433	-0.5	1.3175	-5.966197667815177	144872	0.44507663618014187
(5.3, 5.36)	5.3	5.36	13292	-0.5	1.3325	-5.080670387255898	158164	0.4859123991164335
(5.36, 5.42)	5.36	5.42	11960	-0.5	1.3475000000000001	-4.520644038853413	170124	0.5226559835821308
(5.42, 5.48)	5.42	5.48	10391	-0.5	1.3625	-3.8843534380601845	180515	0.5545792767412496
(5.48, 5.54)	5.48	5.54	9578	-0.5	1.3775	-3.5414501328733863	190093	0.5840048663743974
(5.54, 5.6)	5.54	5.6	8745	-0.5	1.3925	-3.1986190221981277	198838	0.6108713083603944
(5.6, 5.66)	5.6	5.66	7952	-0.5	1.4075	-2.877569843968108	206790	0.6353014909416005
(5.66, 5.72)	5.66	5.72	7285	-0.5	1.4224999999999999	-2.6084059772502424	214075	0.6576825120814503
(5.72, 5.78)	5.72	5.78	6749	-0.5	1.4375	-2.39127476330104	220824	0.6784168307736737
(5.78, 5.84)	5.78	5.84	6315	-0.5	1.4525000000000001	-2.214395139534055	227139	0.6978178120362889
(5.84, 5.9)	5.84	5.9	5846	-0.5	1.4675	-2.02898392748153	232985	0.7157779286572309
(5.9, 5.96)	5.9	5.96	5359	-0.5	1.4825	-1.841140624294596	238344	0.7322418809274376
(5.96, 6.02)	5.96	6.02	5048	-0.5	1.4975	-1.7169214280326697	243392	0.7477503771132937
(6.02, 6.08)	6.02	6.08	4921	-0.5	1.5125	-1.6571273585355233	248313	0.7628687031296563
(6.08, 6.14)	6.08	6.14	4585	-0.5	1.5274999999999999	-1.5288188427982792	252898	0.7769547679101932
(6.14, 6.2)	6.14	6.2	4351	-0.5	1.5425	-1.43668585626242	257249	0.7903219364729231
(6.2, 6.26)	6.2	6.26	3942	-0.5	1.5575	-1.2890995901030942	261191	0.80243257275752
(6.26, 6.32)	6.26	6.32	3755	-0.5	1.5725	-1.2162341481697045	264946	0.8139687065090829
(6.32, 6.38)	6.32	6.38	3608	-0.5	1.5875	-1.157579162837636	268554	0.8250532259699722
(6.38, 6.4399999999999995)	6.38	6.4399999999999995	3464	-0.5	1.6025	-1.1009757436863246	272018	0.8356953477583648
(6.4399999999999995, 6.5)	6.4399999999999995	6.5	3221	-0.5	1.6175	-1.01424842314283	275239	0.8455909234744193
(6.5, 6.5600000000000005)	6.5	6.5600000000000005	3033	-0.5	1.6325	-0.9462744762204968	278272	0.8549089244513808
(6.5600000000000005, 6.62)	6.5600000000000005	6.62	2956	-0.5	1.6475	-0.9138541999888974	281228	0.863990365561799
(6.62, 6.68)	6.62	6.68	2813	-0.5	1.6625	-0.8617989961799747	284041	0.8726324812057794
(6.68, 6.74)	6.68	6.74	2730	-0.5	1.6775	-0.8288921446864025	286771	0.8810196037468625
(6.74, 6.8)	6.74	6.8	2605	-0.5	1.6925	-0.7839294067045145	289376	0.88902270053057
(6.8, 6.859999999999999)	6.8	6.859999999999999	2502	-0.5	1.7075	-0.746319000943709	291878	0.8967093600902
(6.859999999999999, 6.92)	6.859999999999999	6.92	2309	-0.5	1.7225	-0.6827514136622469	294187	0.9038030838804421
(6.92, 6.98)	6.92	6.98	2323	-0.5	1.7375	-0.6809610980385673	296510	0.9109398185555102
(6.98, 7.04)	6.98	7.04	2240	-0.5	1.7525	-0.651010356293453	298750	0.9178215601276809
(7.04, 7.1)	7.04	7.1	2057	-0.5	1.7675	-0.5927516545828915	300807	0.9241410879910538
(7.1, 7.16)	7.1	7.16	2145	-0.5	1.7825	-0.6129085273422527	302952	0.9307309699876191
(7.16, 7.22)	7.16	7.22	1913	-0.5	1.7974999999999999	-0.5420557762046404	304865	0.9366081001784952
(7.22, 7.279999999999999)	7.22	7.279999999999999	1915	-0.5	1.8125	-0.5381318149283737	306780	0.9424913747814894
(7.279999999999999, 7.34)	7.279999999999999	7.34	1816	-0.5	1.8275	-0.5061233387038618	308596	0.9480705009846421
(7.34, 7.4)	7.34	7.4	1708	-0.5	1.8425	-0.4721481317073257	310304	0.9533178289334222
(7.4, 7.46)	7.4	7.46	1710	-0.5	1.8575	-0.46888376285361094	312014	0.9585713012943204
(7.46, 7.52)	7.46	7.52	1750	-0.5	1.8725	-0.47600786440432036	313764	0.9639476618975787
(7.52, 7.58)	7.52	7.58	1578	-0.5	1.8875	-0.42581204701038855	315342	0.9687956030586884
(7.58, 7.64)	7.58	7.64	1554	-0.5	1.9024999999999999	-0.41602962248316105	316896	0.9735698112743818
(7.64, 7.699999999999999)	7.64	7.699999999999999	1469	-0.5	1.9175	-0.39019736193306037	318365	0.9780828819750599
(7.699999999999999, 7.76)	7.699999999999999	7.76	1478	-0.5	1.9324999999999999	-0.3895406971492094	319843	0.9826236025302689
(7.76, 7.82)	7.76	7.82	1411	-0.5	1.9475	-0.36901791704323417	321254	0.9869584852795247
(7.82, 7.88)	7.82	7.88	1431	-0.5	1.9625	-0.3713880059821472	322685	0.9913548121499606
(7.88, 7.9399999999999995)	7.88	7.9399999999999995	1399	-0.5	1.9775	-0.36032892665626387	324084	0.9956528284265083
(7.9399999999999995, 8.0)	7.9399999999999995	8.0	1415	-0.5	1.9925	-0.36170625199565853	325499	1.0
