Intervalo	Inicio	Fin	Count	Q	u/R	Sigma	q_Comulate	q/Q
(0.0, 0.08)	0.0	0.08	50	1.0	0.01	4.963664642337055	50	0.0002
(0.08, 0.16)	0.08	0.16	138	1.0	0.03	4.56657147095009	188	0.000752
(0.16, 0.24)	0.16	0.24	236	1.0	0.05	4.68569942236618	424	0.001696
(0.24, 0.32)	0.24	0.32	343	1.0	0.07	4.8643913494903135	767	0.003068
(0.32, 0.4)	0.32	0.4	389	1.0	0.09	4.290812324153586	1156	0.004624
(0.4, 0.48)	0.4	0.48	478	1.0	0.11	4.313875816431115	1634	0.006536
(0.48, 0.56)	0.48	0.56	576	1.0	0.13	4.398570513824834	2210	0.00884
(0.56, 0.64)	0.56	0.64	672	1.0	0.15000000000000002	4.447443519534003	2882	0.011528
(0.64, 0.72)	0.64	0.72	794	1.0	0.16999999999999998	4.636646736488969	3676	0.014704
(0.72, 0.8)	0.72	0.8	870	1.0	0.19	4.545671830350772	4546	0.018184
(0.8, 0.88)	0.8	0.88	958	1.0	0.21000000000000002	4.528753073675147	5504	0.022016
(0.88, 0.96)	0.88	0.96	1099	1.0	0.22999999999999998	4.743536906024716	6603	0.026412
(0.96, 1.04)	0.96	1.04	1134	1.0	0.25	4.503036563528172	7737	0.030948
(1.04, 1.12)	1.04	1.12	1264	1.0	0.27	4.647460820677063	9001	0.036004
(1.12, 1.2)	1.12	1.2	1444	1.0	0.29000000000000004	4.943125340368771	10445	0.04178
(1.2, 1.28)	1.2	1.28	1495	1.0	0.31	4.787534606641221	11940	0.04776
(1.28, 1.36)	1.28	1.36	1559	1.0	0.33	4.689911016608157	13499	0.053996
(1.36, 1.44)	1.36	1.44	1666	1.0	0.35	4.7254087395048865	15165	0.06066
(1.44, 1.52)	1.44	1.52	1768	1.0	0.37	4.743653560892924	16933	0.067732
(1.52, 1.6)	1.52	1.6	1982	1.0	0.39	5.04511965185232	18915	0.07566
(1.6, 1.68)	1.6	1.68	2032	1.0	0.41000000000000003	4.920081245477528	20947	0.083788
(1.68, 1.76)	1.68	1.76	2202	1.0	0.43	5.083716066244737	23149	0.092596
(1.76, 1.84)	1.76	1.84	2378	1.0	0.45	5.24604200865667	25527	0.102108
(1.84, 1.92)	1.84	1.92	2438	1.0	0.47	5.149538041709682	27965	0.11186
(1.92, 2.0)	1.92	2.0	2594	1.0	0.49	5.255406564172375	30559	0.122236
(2.0, 2.08)	2.0	2.08	2766	1.0	0.51	5.384116235570304	33325	0.1333
(2.08, 2.16)	2.08	2.16	2998	1.0	0.53	5.615496829330752	36323	0.145292
(2.16, 2.24)	2.16	2.24	3031	1.0	0.55	5.470860920335856	39354	0.157416
(2.24, 2.32)	2.24	2.32	3244	1.0	0.5700000000000001	5.649869508681213	42598	0.170392
(2.32, 2.4)	2.32	2.4	3532	1.0	0.59	5.942936785333719	46130	0.18452
(2.4, 2.48)	2.4	2.48	3665	1.0	0.61	5.964534725955831	49795	0.19918
(2.48, 2.56)	2.48	2.56	3847	1.0	0.63	6.061973929863699	53642	0.214568
(2.56, 2.64)	2.56	2.64	4076	1.0	0.65	6.225199102204868	57718	0.230872
(2.64, 2.72)	2.64	2.72	4360	1.0	0.67	6.460172489728216	62078	0.248312
(2.72, 2.8000000000000003)	2.72	2.8000000000000003	4589	1.0	0.6900000000000001	6.602393345995576	66667	0.266668
(2.8000000000000003, 2.88)	2.8000000000000003	2.88	4989	1.0	0.71	6.975696591723854	71656	0.286624
(2.88, 2.96)	2.88	2.96	5182	1.0	0.73	7.047043883997429	76838	0.307352
(2.96, 3.04)	2.96	3.04	5607	1.0	0.75	7.42167137322236	82445	0.32978
(3.04, 3.12)	3.04	3.12	5908	1.0	0.77	7.616969014786305	88353	0.353412
(3.12, 3.2)	3.12	3.2	6461	1.0	0.79	8.119047406111301	94814	0.379256
(3.2, 3.2800000000000002)	3.2	3.2800000000000002	6905	1.0	0.81	8.462741816132688	101719	0.406876
(3.2800000000000002, 3.36)	3.2800000000000002	3.36	7476	1.0	0.8300000000000001	8.941772738822184	109195	0.43678
(3.36, 3.44)	3.36	3.44	8102	1.0	0.85	9.46249668993289	117297	0.469188
(3.44, 3.52)	3.44	3.52	9009	1.0	0.87	10.279920635129761	126306	0.505224
(3.52, 3.6)	3.52	3.6	9804	1.0	0.89	10.935678236735367	136110	0.54444
(3.6, 3.68)	3.6	3.68	11486	1.0	0.91	12.530253204809545	147596	0.590384
(3.68, 3.7600000000000002)	3.68	3.7600000000000002	13257	1.0	0.93	14.151247777088628	160853	0.643412
(3.7600000000000002, 3.84)	3.7600000000000002	3.84	17100	1.0	0.95	17.869192712413486	177953	0.711812
(3.84, 3.92)	3.84	3.92	15792	1.0	0.97	16.162101449852965	193745	0.77498
(3.92, 4.0)	3.92	4.0	56255	1.0	0.99	56.41029382922636	250000	1.0
(5.0, 5.06)	5.0	5.06	12175	-1.0	1.2574999999999998	-12.815399235616487	12175	0.0487
(5.06, 5.12)	5.06	5.12	8964	-1.0	1.2725	-9.324278161919377	21139	0.084556
(5.12, 5.18)	5.12	5.18	7942	-1.0	1.2875	-8.164955254770996	29081	0.116324
(5.18, 5.24)	5.18	5.24	7324	-1.0	1.3025	-7.4428928656125315	36405	0.14562
(5.24, 5.3)	5.24	5.3	6624	-1.0	1.3175	-6.654889733756521	43029	0.172116
(5.3, 5.36)	5.3	5.36	6299	-1.0	1.3325	-6.2571354260574585	49328	0.197312
(5.36, 5.42)	5.36	5.42	5962	-1.0	1.3475000000000001	-5.856448949435	55290	0.22116
(5.42, 5.48)	5.42	5.48	5607	-1.0	1.3625	-5.447098255576019	60897	0.243588
(5.48, 5.54)	5.48	5.54	5458	-1.0	1.3775	-5.244608661657739	66355	0.26542
(5.54, 5.6)	5.54	5.6	5269	-1.0	1.3925	-5.008459413615636	71624	0.286496
(5.6, 5.66)	5.6	5.66	4890	-1.0	1.4075	-4.598663370236205	76514	0.306056
(5.66, 5.72)	5.66	5.72	4802	-1.0	1.4224999999999999	-4.468286840070819	81316	0.325264
(5.72, 5.78)	5.72	5.78	4754	-1.0	1.4375	-4.377463041793892	86070	0.34428
(5.78, 5.84)	5.78	5.84	4761	-1.0	1.4525000000000001	-4.338635889783938	90831	0.363324
(5.84, 5.9)	5.84	5.9	4617	-1.0	1.4675	-4.164404707083696	95448	0.381792
(5.9, 5.96)	5.9	5.96	4483	-1.0	1.4825	-4.002627739916287	99931	0.399724
(5.96, 6.02)	5.96	6.02	4225	-1.0	1.4975	-3.7344878110404838	104156	0.416624
(6.02, 6.08)	6.02	6.08	4321	-1.0	1.5125	-3.781464669009496	108477	0.433908
(6.08, 6.14)	6.08	6.14	4269	-1.0	1.5274999999999999	-3.699270591709676	112746	0.450984
(6.14, 6.2)	6.14	6.2	4244	-1.0	1.5425	-3.64184423417884	116990	0.46796
(6.2, 6.26)	6.2	6.26	4097	-1.0	1.5575	-3.481842104167816	121087	0.484348
(6.26, 6.32)	6.26	6.32	4120	-1.0	1.5725	-3.467989117359346	125207	0.500828
(6.32, 6.38)	6.32	6.38	4126	-1.0	1.5875	-3.440223464866414	129333	0.517332
(6.38, 6.4399999999999995)	6.38	6.4399999999999995	3959	-1.0	1.6025	-3.2700818835590453	133292	0.533168
(6.4399999999999995, 6.5)	6.4399999999999995	6.5	4018	-1.0	1.6175	-3.288037841592588	137310	0.54924
(6.5, 6.5600000000000005)	6.5	6.5600000000000005	4034	-1.0	1.6325	-3.2707990880551305	141344	0.565376
(6.5600000000000005, 6.62)	6.5600000000000005	6.62	4021	-1.0	1.6475	-3.230574895593302	145365	0.58146
(6.62, 6.68)	6.62	6.68	3964	-1.0	1.6625	-3.156044774692606	149329	0.597316
(6.68, 6.74)	6.68	6.74	4001	-1.0	1.6775	-3.157018934365091	153330	0.61332
(6.74, 6.8)	6.74	6.8	3901	-1.0	1.6925	-3.0508330114831472	157231	0.628924
(6.8, 6.859999999999999)	6.8	6.859999999999999	4121	-1.0	1.7075	-3.194574835111161	161352	0.645408
(6.859999999999999, 6.92)	6.859999999999999	6.92	3811	-1.0	1.7225	-2.92853812511988	165163	0.660652
(6.92, 6.98)	6.92	6.98	4020	-1.0	1.7375	-3.0624739548692395	169183	0.676732
(6.98, 7.04)	6.98	7.04	4195	-1.0	1.7525	-3.168437192521785	173378	0.693512
(7.04, 7.1)	7.04	7.1	4112	-1.0	1.7675	-3.079391081081002	177490	0.70996
(7.1, 7.16)	7.1	7.16	4166	-1.0	1.7825	-3.093576721829058	181656	0.726624
(7.16, 7.22)	7.16	7.22	4192	-1.0	1.7974999999999999	-3.0869069530906903	185848	0.743392
(7.22, 7.279999999999999)	7.22	7.279999999999999	4199	-1.0	1.8125	-3.0664721409726567	190047	0.760188
(7.279999999999999, 7.34)	7.279999999999999	7.34	4309	-1.0	1.8275	-3.1209748755246913	194356	0.777424
(7.34, 7.4)	7.34	7.4	4373	-1.0	1.8425	-3.1415439863865813	198729	0.794916
(7.4, 7.46)	7.4	7.46	4512	-1.0	1.8575	-3.215225463074006	203241	0.812964
(7.46, 7.52)	7.46	7.52	4632	-1.0	1.8725	-3.274295629487194	207873	0.831492
(7.52, 7.58)	7.52	7.58	4630	-1.0	1.8875	-3.246872200479706	212503	0.850012
(7.58, 7.64)	7.58	7.64	4819	-1.0	1.9024999999999999	-3.3527673988853075	217322	0.869288
(7.64, 7.699999999999999)	7.64	7.699999999999999	4841	-1.0	1.9175	-3.34172628019871	222163	0.888652
(7.699999999999999, 7.76)	7.699999999999999	7.76	5004	-1.0	1.9324999999999999	-3.42743291008255	227167	0.908668
(7.76, 7.82)	7.76	7.82	5304	-1.0	1.9475	-3.6049331297157674	232471	0.929884
(7.82, 7.88)	7.82	7.88	5503	-1.0	1.9625	-3.71159867879827	237974	0.951896
(7.88, 7.9399999999999995)	7.88	7.9399999999999995	5783	-1.0	1.9775	-3.870863565328004	243757	0.975028
(7.9399999999999995, 8.0)	7.9399999999999995	8.0	6243	-1.0	1.9925	-4.147306848964944	250000	1.0
