Intervalo	Inicio	Fin	Count	Q	u/R	Sigma	q_Comulate	q/Q
(0.0, 0.08)	0.0	0.08	1	1.0	0.01	0.0331351896843553	1	8.333333333333333e-05
(0.08, 0.16)	0.08	0.16	8	1.0	0.03	0.08836050582494744	9	0.00075
(0.16, 0.24)	0.16	0.24	14	1.0	0.05	0.09277853111619483	23	0.0019166666666666666
(0.24, 0.32)	0.24	0.32	10	1.0	0.07	0.047335985263364695	33	0.00275
(0.32, 0.4)	0.32	0.4	22	1.0	0.09	0.08099713033953512	55	0.004583333333333333
(0.4, 0.48)	0.4	0.48	31	1.0	0.11	0.09338098911045586	86	0.007166666666666667
(0.48, 0.56)	0.48	0.56	27	1.0	0.13	0.06881924011366095	113	0.009416666666666667
(0.56, 0.64)	0.56	0.64	41	1.0	0.15000000000000002	0.09056951847057118	154	0.012833333333333334
(0.64, 0.72)	0.64	0.72	42	1.0	0.16999999999999998	0.08186340980840724	196	0.01633333333333333
(0.72, 0.8)	0.72	0.8	51	1.0	0.19	0.08894182494221674	247	0.020583333333333332
(0.8, 0.88)	0.8	0.88	52	1.0	0.21000000000000002	0.08204904112316558	299	0.024916666666666667
(0.88, 0.96)	0.88	0.96	51	1.0	0.22999999999999998	0.07347368147400521	350	0.029166666666666667
(0.96, 1.04)	0.96	1.04	65	1.0	0.25	0.08615149317932366	415	0.034583333333333334
(1.04, 1.12)	1.04	1.12	64	1.0	0.27	0.07854267184439769	479	0.03991666666666667
(1.12, 1.2)	1.12	1.2	72	1.0	0.29000000000000004	0.08226667783702014	551	0.04591666666666667
(1.2, 1.28)	1.2	1.28	79	1.0	0.31	0.08444128984077633	630	0.0525
(1.28, 1.36)	1.28	1.36	80	1.0	0.33	0.08032773256813394	710	0.059166666666666666
(1.36, 1.44)	1.36	1.44	96	1.0	0.35	0.0908850917056604	806	0.06716666666666667
(1.44, 1.52)	1.44	1.52	95	1.0	0.37	0.08507683837875003	901	0.07508333333333334
(1.52, 1.6)	1.52	1.6	104	1.0	0.39	0.08836050582494728	1005	0.08375
(1.6, 1.68)	1.6	1.68	91	1.0	0.41000000000000003	0.07354395759210591	1096	0.09133333333333334
(1.68, 1.76)	1.68	1.76	114	1.0	0.43	0.08784678195387206	1210	0.10083333333333333
(1.76, 1.84)	1.76	1.84	110	1.0	0.45	0.0809971303395351	1320	0.11
(1.84, 1.92)	1.84	1.92	129	1.0	0.47	0.0909455206230178	1449	0.12075
(1.92, 2.0)	1.92	2.0	142	1.0	0.49	0.09602442724853978	1591	0.13258333333333333
(2.0, 2.08)	2.0	2.08	146	1.0	0.51	0.09485760184148756	1737	0.14475
(2.08, 2.16)	2.08	2.16	140	1.0	0.53	0.08752691614735363	1877	0.15641666666666668
(2.16, 2.24)	2.16	2.24	170	1.0	0.55	0.10241785902437082	2047	0.17058333333333334
(2.24, 2.32)	2.24	2.32	175	1.0	0.5700000000000001	0.10173084552214375	2222	0.18516666666666667
(2.32, 2.4)	2.32	2.4	205	1.0	0.59	0.11513074381852259	2427	0.20225
(2.4, 2.48)	2.4	2.48	203	1.0	0.61	0.11026956567088715	2630	0.21916666666666668
(2.48, 2.56)	2.48	2.56	244	1.0	0.63	0.12833311560289987	2874	0.2395
(2.56, 2.64)	2.56	2.64	247	1.0	0.65	0.12591372080055	3121	0.26008333333333333
(2.64, 2.72)	2.64	2.72	276	1.0	0.67	0.13649719929674695	3397	0.28308333333333335
(2.72, 2.8000000000000003)	2.72	2.8000000000000003	244	1.0	0.6900000000000001	0.11717371424612592	3641	0.30341666666666667
(2.8000000000000003, 2.88)	2.8000000000000003	2.88	327	1.0	0.71	0.15260854967301732	3968	0.33066666666666666
(2.88, 2.96)	2.88	2.96	291	1.0	0.73	0.13208685202941628	4259	0.35491666666666666
(2.96, 3.04)	2.96	3.04	362	1.0	0.75	0.15993251554315474	4621	0.38508333333333333
(3.04, 3.12)	3.04	3.12	352	1.0	0.77	0.1514751528427668	4973	0.41441666666666666
(3.12, 3.2)	3.12	3.2	365	1.0	0.79	0.1530929649973374	5338	0.44483333333333336
(3.2, 3.2800000000000002)	3.2	3.2800000000000002	394	1.0	0.81	0.16117610784735792	5732	0.4776666666666667
(3.2800000000000002, 3.36)	3.2800000000000002	3.36	459	1.0	0.8300000000000001	0.18324159114601418	6191	0.5159166666666667
(3.36, 3.44)	3.36	3.44	501	1.0	0.85	0.19530270625719984	6692	0.5576666666666666
(3.44, 3.52)	3.44	3.52	556	1.0	0.87	0.21176052258047717	7248	0.604
(3.52, 3.6)	3.52	3.6	621	1.0	0.89	0.23120171678634374	7869	0.65575
(3.6, 3.68)	3.6	3.68	648	1.0	0.91	0.2359516803896949	8517	0.70975
(3.68, 3.7600000000000002)	3.68	3.7600000000000002	758	1.0	0.93	0.27006961054560463	9275	0.7729166666666667
(3.7600000000000002, 3.84)	3.7600000000000002	3.84	799	1.0	0.95	0.2786843848189475	10074	0.8395
(3.84, 3.92)	3.84	3.92	874	1.0	0.97	0.2985583070528512	10948	0.9123333333333333
(3.92, 4.0)	3.92	4.0	1052	1.0	0.99	0.3521032277569869	12000	1.0
(5.0, 5.06)	5.0	5.06	399	-1.0	1.2574999999999998	-0.1401822736546888	399	0.03325
(5.06, 5.12)	5.06	5.12	368	-1.0	1.2725	-0.12776686107497215	767	0.06391666666666666
(5.12, 5.18)	5.12	5.18	369	-1.0	1.2875	-0.1266214627161393	1136	0.09466666666666666
(5.18, 5.24)	5.18	5.24	325	-1.0	1.3025	-0.11023863490636322	1461	0.12175
(5.24, 5.3)	5.24	5.3	295	-1.0	1.3175	-0.09892352644538756	1756	0.14633333333333334
(5.3, 5.36)	5.3	5.36	318	-1.0	1.3325	-0.10543580057160624	2074	0.17283333333333334
(5.36, 5.42)	5.36	5.42	317	-1.0	1.3475000000000001	-0.1039342498942803	2391	0.19925
(5.42, 5.48)	5.42	5.48	314	-1.0	1.3625	-0.1018172434092967	2705	0.22541666666666665
(5.48, 5.54)	5.48	5.54	277	-1.0	1.3775	-0.08884159750820524	2982	0.2485
(5.54, 5.6)	5.54	5.6	241	-1.0	1.3925	-0.07646277164744167	3223	0.26858333333333334
(5.6, 5.66)	5.6	5.66	265	-1.0	1.4075	-0.08318129322774725	3488	0.2906666666666667
(5.66, 5.72)	5.66	5.72	254	-1.0	1.4224999999999999	-0.07888776266972539	3742	0.31183333333333335
(5.72, 5.78)	5.72	5.78	243	-1.0	1.4375	-0.07468383622769419	3985	0.33208333333333334
(5.78, 5.84)	5.78	5.84	239	-1.0	1.4525000000000001	-0.0726959066855855	4224	0.352
(5.84, 5.9)	5.84	5.9	217	-1.0	1.4675	-0.06532957330157892	4441	0.3700833333333333
(5.9, 5.96)	5.9	5.96	232	-1.0	1.4825	-0.06913874317500131	4673	0.3894166666666667
(5.96, 6.02)	5.96	6.02	222	-1.0	1.4975	-0.06549593420079626	4895	0.40791666666666665
(6.02, 6.08)	6.02	6.08	216	-1.0	1.5125	-0.06309378267169748	5111	0.42591666666666667
(6.08, 6.14)	6.08	6.14	217	-1.0	1.5274999999999999	-0.06276343621608407	5328	0.444
(6.14, 6.2)	6.14	6.2	223	-1.0	1.5425	-0.06387161361090134	5551	0.46258333333333335
(6.2, 6.26)	6.2	6.26	206	-1.0	1.5575	-0.05843423499177972	5757	0.47975
(6.26, 6.32)	6.26	6.32	196	-1.0	1.5725	-0.05506727866991882	5953	0.4960833333333333
(6.32, 6.38)	6.32	6.38	199	-1.0	1.5875	-0.05538186034382581	6152	0.5126666666666667
(6.38, 6.4399999999999995)	6.38	6.4399999999999995	179	-1.0	1.6025	-0.049349549275088236	6331	0.5275833333333333
(6.4399999999999995, 6.5)	6.4399999999999995	6.5	184	-1.0	1.6175	-0.05025759836720289	6515	0.5429166666666667
(6.5, 6.5600000000000005)	6.5	6.5600000000000005	196	-1.0	1.6325	-0.0530433664370277	6711	0.55925
(6.5600000000000005, 6.62)	6.5600000000000005	6.62	212	-1.0	1.6475	-0.05685106899814544	6923	0.5769166666666666
(6.62, 6.68)	6.62	6.68	216	-1.0	1.6625	-0.057401110550943685	7139	0.5949166666666666
(6.68, 6.74)	6.68	6.74	224	-1.0	1.6775	-0.05899479375495699	7363	0.6135833333333334
(6.74, 6.8)	6.74	6.8	196	-1.0	1.6925	-0.05116295167412089	7559	0.6299166666666667
(6.8, 6.859999999999999)	6.8	6.859999999999999	213	-1.0	1.7075	-0.05511211637105107	7772	0.6476666666666666
(6.859999999999999, 6.92)	6.859999999999999	6.92	220	-1.0	1.7225	-0.05642760894481317	7992	0.666
(6.92, 6.98)	6.92	6.98	209	-1.0	1.7375	-0.05314344091342143	8201	0.6834166666666667
(6.98, 7.04)	6.98	7.04	227	-1.0	1.7525	-0.057226347567084807	8428	0.7023333333333334
(7.04, 7.1)	7.04	7.1	236	-1.0	1.7675	-0.05899032354932855	8664	0.722
(7.1, 7.16)	7.1	7.16	187	-1.0	1.7825	-0.0463489890301967	8851	0.7375833333333334
(7.16, 7.22)	7.16	7.22	224	-1.0	1.7974999999999999	-0.05505633742639284	9075	0.75625
(7.22, 7.279999999999999)	7.22	7.279999999999999	219	-1.0	1.8125	-0.05338193317424471	9294	0.7745
(7.279999999999999, 7.34)	7.279999999999999	7.34	224	-1.0	1.8275	-0.05415253982158146	9518	0.7931666666666667
(7.34, 7.4)	7.34	7.4	216	-1.0	1.8425	-0.05179340368572187	9734	0.8111666666666667
(7.4, 7.46)	7.4	7.46	208	-1.0	1.8575	-0.049472369344789054	9942	0.8285
(7.46, 7.52)	7.46	7.52	232	-1.0	1.8725	-0.05473868451638969	10174	0.8478333333333333
(7.52, 7.58)	7.52	7.58	226	-1.0	1.8875	-0.05289926971241853	10400	0.8666666666666667
(7.58, 7.64)	7.58	7.64	210	-1.0	1.9024999999999999	-0.048766639220076326	10610	0.8841666666666667
(7.64, 7.699999999999999)	7.64	7.699999999999999	240	-1.0	1.9175	-0.05529731785655159	10850	0.9041666666666667
(7.699999999999999, 7.76)	7.699999999999999	7.76	244	-1.0	1.9324999999999999	-0.05578257030087206	11094	0.9245
(7.76, 7.82)	7.76	7.82	247	-1.0	1.9475	-0.05603349149874658	11341	0.9450833333333334
(7.82, 7.88)	7.82	7.88	239	-1.0	1.9625	-0.05380423157238878	11580	0.965
(7.88, 7.9399999999999995)	7.88	7.9399999999999995	197	-1.0	1.9775	-0.044012691902692344	11777	0.9814166666666667
(7.9399999999999995, 8.0)	7.9399999999999995	8.0	223	-1.0	1.9925	-0.04944640601998267	12000	1.0
