Intervalo	Inicio	Fin	Count	Q	u/R	Sigma	q_Comulate	q/Q
(0.0, 0.08)	0.0	0.08	36	1.0	0.01	3.5738385424826795	36	0.00014400172802073624
(0.08, 0.16)	0.08	0.16	141	1.0	0.03	4.665844763796831	177	0.0007080084961019532
(0.16, 0.24)	0.16	0.24	215	1.0	0.05	4.268751592409867	392	0.0015680188162257947
(0.24, 0.32)	0.24	0.32	272	1.0	0.07	3.8574765220447964	664	0.0026560318723824685
(0.32, 0.4)	0.32	0.4	399	1.0	0.09	4.401115982872187	1063	0.0042520510246122955
(0.4, 0.48)	0.4	0.48	453	1.0	0.11	4.088254696324886	1516	0.006064072768873227
(0.48, 0.56)	0.48	0.56	537	1.0	0.13	4.10075063528461	2053	0.008212098545182542
(0.56, 0.64)	0.56	0.64	704	1.0	0.15000000000000002	4.659226544273718	2757	0.01102813233758805
(0.64, 0.72)	0.64	0.72	686	1.0	0.16999999999999998	4.005969346639084	3443	0.013772165265983191
(0.72, 0.8)	0.72	0.8	863	1.0	0.19	4.509097459301972	4306	0.017224206690480286
(0.8, 0.88)	0.8	0.88	917	1.0	0.21000000000000002	4.334933787641033	5223	0.020892250707008484
(0.88, 0.96)	0.88	0.96	1034	1.0	0.22999999999999998	4.462981947979578	6257	0.025028300339604074
(0.96, 1.04)	0.96	1.04	1143	1.0	0.25	4.538774948952999	7400	0.029600355204262453
(1.04, 1.12)	1.04	1.12	1149	1.0	0.27	4.224630128922425	8549	0.034196410356924285
(1.12, 1.2)	1.12	1.2	1319	1.0	0.29000000000000004	4.515223216029369	9868	0.03947247366968404
(1.2, 1.28)	1.2	1.28	1393	1.0	0.31	4.460893449532589	11261	0.045044540534486414
(1.28, 1.36)	1.28	1.36	1471	1.0	0.33	4.425182235683514	12732	0.05092861114333372
(1.36, 1.44)	1.36	1.44	1611	1.0	0.35	4.569407850745722	14343	0.057372688472261665
(1.44, 1.52)	1.44	1.52	1700	1.0	0.37	4.561205347012427	16043	0.06417277007324088
(1.52, 1.6)	1.52	1.6	1807	1.0	0.39	4.5996625685656625	17850	0.07140085681028173
(1.6, 1.68)	1.6	1.68	2005	1.0	0.41000000000000003	4.85470615018821	19855	0.07942095305143662
(1.68, 1.76)	1.68	1.76	2007	1.0	0.43	4.633523226590911	21862	0.08744904938859266
(1.76, 1.84)	1.76	1.84	2167	1.0	0.45	4.780560568864173	24029	0.09611715340584087
(1.84, 1.92)	1.84	1.92	2245	1.0	0.47	4.741883881722	26274	0.10509726116713401
(1.92, 2.0)	1.92	2.0	2387	1.0	0.49	4.836027551534102	28661	0.11464537574450893
(2.0, 2.08)	2.0	2.08	2590	1.0	0.51	5.041526048491355	31251	0.12500550006600078
(2.08, 2.16)	2.08	2.16	2752	1.0	0.53	5.154718904042105	34003	0.13601363216358597
(2.16, 2.24)	2.16	2.24	2981	1.0	0.55	5.380612472293364	36984	0.14793777525330304
(2.24, 2.32)	2.24	2.32	3105	1.0	0.5700000000000001	5.407782005072493	40089	0.16035792429509155
(2.32, 2.4)	2.32	2.4	3323	1.0	0.59	5.591273764910518	43412	0.1736500838010056
(2.4, 2.48)	2.4	2.48	3446	1.0	0.61	5.608127330325728	46858	0.18743424921099053
(2.48, 2.56)	2.48	2.56	3654	1.0	0.63	5.757850985110984	50512	0.20205042460509526
(2.56, 2.64)	2.56	2.64	3870	1.0	0.65	5.910579127952119	54382	0.2175306103673244
(2.64, 2.72)	2.64	2.72	4168	1.0	0.67	6.1756878296300926	58550	0.2342028104337252
(2.72, 2.8000000000000003)	2.72	2.8000000000000003	4454	1.0	0.6900000000000001	6.408162990425865	63004	0.25201902422829076
(2.8000000000000003, 2.88)	2.8000000000000003	2.88	4631	1.0	0.71	6.475135481313524	67635	0.2705432465189582
(2.88, 2.96)	2.88	2.96	4917	1.0	0.73	6.686668231882547	72552	0.29021148253779044
(2.96, 3.04)	2.96	3.04	5324	1.0	0.75	7.047080148213989	77876	0.3115077380928571
(3.04, 3.12)	3.04	3.12	5645	1.0	0.77	7.277892702855229	83521	0.3340880090561087
(3.12, 3.2)	3.12	3.2	6095	1.0	0.79	7.6591230367200716	89616	0.35846830161961946
(3.2, 3.2800000000000002)	3.2	3.2800000000000002	6707	1.0	0.81	8.220073766951764	96323	0.3852966235594827
(3.2800000000000002, 3.36)	3.2800000000000002	3.36	7216	1.0	0.8300000000000001	8.630796158820342	103539	0.4141609699316392
(3.36, 3.44)	3.36	3.44	7908	1.0	0.85	9.235919998023858	111447	0.4457933495201942
(3.44, 3.52)	3.44	3.52	8692	1.0	0.87	9.918200706021523	120139	0.4805617667412009
(3.52, 3.6)	3.52	3.6	9671	1.0	0.89	10.787326012593608	129810	0.5192462309547714
(3.6, 3.68)	3.6	3.68	10850	1.0	0.91	11.836431070188368	140660	0.5626467517610211
(3.68, 3.7600000000000002)	3.68	3.7600000000000002	12790	1.0	0.93	13.652746403331339	153450	0.6138073656883882
(3.7600000000000002, 3.84)	3.7600000000000002	3.84	17592	1.0	0.95	18.383323871156612	171042	0.6841762101145213
(3.84, 3.92)	3.84	3.92	14362	1.0	0.97	14.69858795737008	185404	0.741624899498794
(3.92, 4.0)	3.92	4.0	64593	1.0	0.99	64.77131116009632	249997	1.0
(5.0, 5.06)	5.0	5.06	41185	-1.0	1.2574999999999998	-43.3513115005228	41185	0.16474
(5.06, 5.12)	5.06	5.12	14148	-1.0	1.2725	-14.716631797728173	55333	0.221332
(5.12, 5.18)	5.12	5.18	9518	-1.0	1.2875	-9.785198201323388	64851	0.259404
(5.18, 5.24)	5.18	5.24	8544	-1.0	1.3025	-8.68269752099856	73395	0.29358
(5.24, 5.3)	5.24	5.3	7606	-1.0	1.3175	-7.641469099479483	81001	0.324004
(5.3, 5.36)	5.3	5.36	6746	-1.0	1.3325	-6.701164563293161	87747	0.350988
(5.36, 5.42)	5.36	5.42	6119	-1.0	1.3475000000000001	-6.010669426634145	93866	0.375464
(5.42, 5.48)	5.42	5.48	5553	-1.0	1.3625	-5.394638240273521	99419	0.397676
(5.48, 5.54)	5.48	5.54	5087	-1.0	1.3775	-4.888113642699325	104506	0.418024
(5.54, 5.6)	5.54	5.6	4567	-1.0	1.3925	-4.34117178629391	109073	0.436292
(5.6, 5.66)	5.6	5.66	4431	-1.0	1.4075	-4.16700969192569	113504	0.454016
(5.66, 5.72)	5.66	5.72	4213	-1.0	1.4224999999999999	-3.9202191705994087	117717	0.470868
(5.72, 5.78)	5.72	5.78	4214	-1.0	1.4375	-3.880233331535435	121931	0.487724
(5.78, 5.84)	5.78	5.84	3813	-1.0	1.4525000000000001	-3.4747361158887116	125744	0.502976
(5.84, 5.9)	5.84	5.9	3689	-1.0	1.4675	-3.3273746944838107	129433	0.517732
(5.9, 5.96)	5.9	5.96	3581	-1.0	1.4825	-3.197280824590726	133014	0.532056
(5.96, 6.02)	5.96	6.02	3394	-1.0	1.4975	-2.9999648829991483	136408	0.545632
(6.02, 6.08)	6.02	6.08	3430	-1.0	1.5125	-3.001718077922372	139838	0.559352
(6.08, 6.14)	6.08	6.14	3199	-1.0	1.5274999999999999	-2.7720699514826084	143037	0.572148
(6.14, 6.2)	6.14	6.2	3116	-1.0	1.5425	-2.6738894047363964	146153	0.584612
(6.2, 6.26)	6.2	6.26	3024	-1.0	1.5575	-2.5699513114482486	149177	0.596708
(6.26, 6.32)	6.26	6.32	2962	-1.0	1.5725	-2.4932484868005784	152139	0.608556
(6.32, 6.38)	6.32	6.38	2986	-1.0	1.5875	-2.48970122784564	155125	0.6205
(6.38, 6.4399999999999995)	6.38	6.4399999999999995	2938	-1.0	1.6025	-2.4267493240455855	158063	0.632252
(6.4399999999999995, 6.5)	6.4399999999999995	6.5	2886	-1.0	1.6175	-2.3616916901035863	160949	0.643796
(6.5, 6.5600000000000005)	6.5	6.5600000000000005	2752	-1.0	1.6325	-2.231343354072315	163701	0.654804
(6.5600000000000005, 6.62)	6.5600000000000005	6.62	2815	-1.0	1.6475	-2.261643454636942	166516	0.666064
(6.62, 6.68)	6.62	6.68	2816	-1.0	1.6625	-2.242033825815938	169332	0.677328
(6.68, 6.74)	6.68	6.74	2670	-1.0	1.6775	-2.1067834428279917	172002	0.688008
(6.74, 6.8)	6.74	6.8	2809	-1.0	1.6925	-2.196818746284584	174811	0.699244
(6.8, 6.859999999999999)	6.8	6.859999999999999	2711	-1.0	1.7075	-2.10155117155699	177522	0.710088
(6.859999999999999, 6.92)	6.859999999999999	6.92	2797	-1.0	1.7225	-2.1493364303228297	180319	0.721276
(6.92, 6.98)	6.92	6.98	2727	-1.0	1.7375	-2.0774543469971185	183046	0.732184
(6.98, 7.04)	6.98	7.04	2680	-1.0	1.7525	-2.024174416199853	185726	0.742904
(7.04, 7.1)	7.04	7.1	2817	-1.0	1.7675	-2.1095925767035952	188543	0.754172
(7.1, 7.16)	7.1	7.16	2691	-1.0	1.7825	-1.9982753140763307	191234	0.764936
(7.16, 7.22)	7.16	7.22	2820	-1.0	1.7974999999999999	-2.0765929407718864	194054	0.776216
(7.22, 7.279999999999999)	7.22	7.279999999999999	2860	-1.0	1.8125	-2.0886187957089306	196914	0.787656
(7.279999999999999, 7.34)	7.279999999999999	7.34	3019	-1.0	1.8275	-2.18663800167302	199933	0.799732
(7.34, 7.4)	7.34	7.4	3003	-1.0	1.8425	-2.1573420057440895	202936	0.811744
(7.4, 7.46)	7.4	7.46	3025	-1.0	1.8575	-2.1555977450795365	205961	0.823844
(7.46, 7.52)	7.46	7.52	3254	-1.0	1.8725	-2.300206817433361	209215	0.83686
(7.52, 7.58)	7.52	7.58	3426	-1.0	1.8875	-2.4025451746962143	212641	0.850564
(7.58, 7.64)	7.58	7.64	3507	-1.0	1.9024999999999999	-2.439957515644485	216148	0.864592
(7.64, 7.699999999999999)	7.64	7.699999999999999	3692	-1.0	1.9175	-2.548575382460987	219840	0.87936
(7.699999999999999, 7.76)	7.699999999999999	7.76	4097	-1.0	1.9324999999999999	-2.8061935716643105	223937	0.895748
(7.76, 7.82)	7.76	7.82	4851	-1.0	1.9475	-3.2970457413746583	228788	0.915152
(7.82, 7.88)	7.82	7.88	5687	-1.0	1.9625	-3.8357008334228166	234475	0.9379
(7.88, 7.9399999999999995)	7.88	7.9399999999999995	7121	-1.0	1.9775	-4.766456760971938	241596	0.966384
(7.9399999999999995, 8.0)	7.9399999999999995	8.0	8404	-1.0	1.9925	-5.582887515409481	250000	1.0
