Intervalo	Inicio	Fin	Count	Q	u/R	Sigma	q_Comulate	q/Q
(0.0, 0.08)	0.0	0.08	34	1.0	0.01	4.217010649255331	34	0.00017
(0.08, 0.16)	0.08	0.16	82	1.0	0.03	3.3901458160680114	116	0.00058
(0.16, 0.24)	0.16	0.24	155	1.0	0.05	3.8449214743210374	271	0.001355
(0.24, 0.32)	0.24	0.32	194	1.0	0.07	3.4373952351072865	465	0.002325
(0.32, 0.4)	0.32	0.4	291	1.0	0.09	4.0102944409585	756	0.00378
(0.4, 0.48)	0.4	0.48	344	1.0	0.11	3.8787477629514298	1100	0.0055
(0.48, 0.56)	0.48	0.56	419	1.0	0.13	3.9975734435248476	1519	0.007595
(0.56, 0.64)	0.56	0.64	431	1.0	0.15000000000000002	3.5637874310373503	1950	0.00975
(0.64, 0.72)	0.64	0.72	525	1.0	0.16999999999999998	3.830329741970675	2475	0.012375
(0.72, 0.8)	0.72	0.8	569	1.0	0.19	3.7143638690809304	3044	0.01522
(0.8, 0.88)	0.8	0.88	659	1.0	0.21000000000000002	3.8921708933603174	3703	0.018515
(0.88, 0.96)	0.88	0.96	733	1.0	0.22999999999999998	3.9527734090846014	4436	0.02218
(0.96, 1.04)	0.96	1.04	794	1.0	0.25	3.939184065304388	5230	0.02615
(1.04, 1.12)	1.04	1.12	821	1.0	0.27	3.7714223780377187	6051	0.030255
(1.12, 1.2)	1.12	1.2	941	1.0	0.29000000000000004	4.024550731185874	6992	0.03496
(1.2, 1.28)	1.2	1.28	1021	1.0	0.31	4.084979006536708	8013	0.040065
(1.28, 1.36)	1.28	1.36	1087	1.0	0.33	4.085463971248253	9100	0.0455
(1.36, 1.44)	1.36	1.44	1143	1.0	0.35	4.050456447141895	10243	0.051215
(1.44, 1.52)	1.44	1.52	1209	1.0	0.37	4.052755067527578	11452	0.05726
(1.52, 1.6)	1.52	1.6	1299	1.0	0.39	4.131143916578179	12751	0.063755
(1.6, 1.68)	1.6	1.68	1397	1.0	0.41000000000000003	4.226085994985451	14148	0.07074
(1.68, 1.76)	1.68	1.76	1529	1.0	0.43	4.410266267244456	15677	0.078385
(1.76, 1.84)	1.76	1.84	1605	1.0	0.45	4.4237268575521576	17282	0.08641
(1.84, 1.92)	1.84	1.92	1687	1.0	0.47	4.451875447618117	18969	0.094845
(1.92, 2.0)	1.92	2.0	1827	1.0	0.49	4.624536888469081	20796	0.10398
(2.0, 2.08)	2.0	2.08	1803	1.0	0.51	4.384815571284517	22599	0.112995
(2.08, 2.16)	2.08	2.16	1942	1.0	0.53	4.544636337876724	24541	0.122705
(2.16, 2.24)	2.16	2.24	2203	1.0	0.55	4.9679542568499935	26744	0.13372
(2.24, 2.32)	2.24	2.32	2239	1.0	0.5700000000000001	4.871974635543197	28983	0.144915
(2.32, 2.4)	2.32	2.4	2372	1.0	0.59	4.986415383865226	31355	0.156775
(2.4, 2.48)	2.4	2.48	2468	1.0	0.61	5.01812067616304	33823	0.169115
(2.48, 2.56)	2.48	2.56	2650	1.0	0.63	5.217123352253328	36473	0.182365
(2.56, 2.64)	2.56	2.64	2887	1.0	0.65	5.508827938642594	39360	0.1968
(2.64, 2.72)	2.64	2.72	3005	1.0	0.67	5.562825724763938	42365	0.211825
(2.72, 2.8000000000000003)	2.72	2.8000000000000003	3224	1.0	0.6900000000000001	5.7952439612954745	45589	0.227945
(2.8000000000000003, 2.88)	2.8000000000000003	2.88	3468	1.0	0.71	6.058240651042898	49057	0.245285
(2.88, 2.96)	2.88	2.96	3599	1.0	0.73	6.114835345153077	52656	0.26328
(2.96, 3.04)	2.96	3.04	3651	1.0	0.75	6.037767011933805	56307	0.281535
(3.04, 3.12)	3.04	3.12	4209	1.0	0.77	6.779754706919657	60516	0.30258
(3.12, 3.2)	3.12	3.2	4817	1.0	0.79	7.562673230626539	65333	0.326665
(3.2, 3.2800000000000002)	3.2	3.2800000000000002	4962	1.0	0.81	7.597969078287932	70295	0.351475
(3.2800000000000002, 3.36)	3.2800000000000002	3.36	4825	1.0	0.8300000000000001	7.210161723124418	75120	0.3756
(3.36, 3.44)	3.36	3.44	5700	1.0	0.85	8.317287439707739	80820	0.4041
(3.44, 3.52)	3.44	3.52	7506	1.0	0.87	10.700771444662093	88326	0.44163
(3.52, 3.6)	3.52	3.6	7568	1.0	0.89	10.54670740038476	95894	0.47947
(3.6, 3.68)	3.6	3.68	5553	1.0	0.91	7.568539151685477	101447	0.507235
(3.68, 3.7600000000000002)	3.68	3.7600000000000002	10155	1.0	0.93	13.543245775834203	111602	0.55801
(3.7600000000000002, 3.84)	3.7600000000000002	3.84	18674	1.0	0.95	24.380327202536986	130276	0.65138
(3.84, 3.92)	3.84	3.92	4076	1.0	0.97	5.211805762997197	134352	0.67176
(3.92, 4.0)	3.92	4.0	65648	1.0	0.99	82.24548874103192	200000	1.0
(5.0, 5.06)	5.0	5.06	64899	-1.0	1.2574999999999998	-85.34823190302058	64899	0.324495
(5.06, 5.12)	5.06	5.12	680	-1.0	1.2725	-0.8837219435243587	65579	0.327895
(5.12, 5.18)	5.12	5.18	18	-1.0	1.2875	-0.023120104073587385	65597	0.327985
(5.18, 5.24)	5.18	5.24	101	-1.0	1.3025	-0.12823546741177494	65698	0.32849
(5.24, 5.3)	5.24	5.3	717	-1.0	1.3175	-0.8999803952869999	66415	0.332075
(5.3, 5.36)	5.3	5.36	22898	-1.0	1.3325	-28.4180877303161	89313	0.446565
(5.36, 5.42)	5.36	5.42	7990	-1.0	1.3475000000000001	-9.805788522696451	97303	0.486515
(5.42, 5.48)	5.42	5.48	174	-1.0	1.3625	-0.21119189867830154	97477	0.487385
(5.48, 5.54)	5.48	5.54	107	-1.0	1.3775	-0.12845667825922844	97584	0.48792
(5.54, 5.6)	5.54	5.6	91	-1.0	1.3925	-0.10807138214728432	97675	0.488375
(5.6, 5.66)	5.6	5.66	128	-1.0	1.4075	-0.15039246699534772	97803	0.489015
(5.66, 5.72)	5.66	5.72	245	-1.0	1.4224999999999999	-0.28482514464800757	98048	0.49024
(5.72, 5.78)	5.72	5.78	2023	-1.0	1.4375	-2.3273009496179986	100071	0.500355
(5.78, 5.84)	5.78	5.84	16709	-1.0	1.4525000000000001	-19.023868499452014	116780	0.5839
(5.84, 5.9)	5.84	5.9	5124	-1.0	1.4675	-5.774249274619129	121904	0.60952
(5.9, 5.96)	5.9	5.96	230	-1.0	1.4825	-0.2565651421694224	122134	0.61067
(5.96, 6.02)	5.96	6.02	118	-1.0	1.4975	-0.13031058472935492	122252	0.61126
(6.02, 6.08)	6.02	6.08	97	-1.0	1.5125	-0.10605737364518261	122349	0.611745
(6.08, 6.14)	6.08	6.14	120	-1.0	1.5274999999999999	-0.12991656953516054	122469	0.612345
(6.14, 6.2)	6.14	6.2	99	-1.0	1.5425	-0.10613888944641008	122568	0.61284
(6.2, 6.26)	6.2	6.26	124	-1.0	1.5575	-0.13166130249146563	122692	0.61346
(6.26, 6.32)	6.26	6.32	172	-1.0	1.5725	-0.1808848983252364	122864	0.61432
(6.32, 6.38)	6.32	6.38	447	-1.0	1.5875	-0.46564860527210744	123311	0.616555
(6.38, 6.4399999999999995)	6.38	6.4399999999999995	7510	-1.0	1.6025	-7.750084115116189	130821	0.654105
(6.4399999999999995, 6.5)	6.4399999999999995	6.5	12017	-1.0	1.6175	-12.286163462642229	142838	0.71419
(6.5, 6.5600000000000005)	6.5	6.5600000000000005	1110	-1.0	1.6325	-1.1244348726957636	143948	0.71974
(6.5600000000000005, 6.62)	6.5600000000000005	6.62	161	-1.0	1.6475	-0.16160878682022334	144109	0.720545
(6.62, 6.68)	6.62	6.68	121	-1.0	1.6625	-0.12036167797373398	144230	0.72115
(6.68, 6.74)	6.68	6.74	76	-1.0	1.6775	-0.07492307281339591	144306	0.72153
(6.74, 6.8)	6.74	6.8	77	-1.0	1.6925	-0.07523615025751781	144383	0.721915
(6.8, 6.859999999999999)	6.8	6.859999999999999	68	-1.0	1.7075	-0.06585863385855129	144451	0.722255
(6.859999999999999, 6.92)	6.859999999999999	6.92	77	-1.0	1.7225	-0.0739257964068768	144528	0.72264
(6.92, 6.98)	6.92	6.98	93	-1.0	1.7375	-0.08851617782609551	144621	0.723105
(6.98, 7.04)	6.98	7.04	97	-1.0	1.7525	-0.09153311134855423	144718	0.72359
(7.04, 7.1)	7.04	7.1	174	-1.0	1.7675	-0.16279997847195923	144892	0.72446
(7.1, 7.16)	7.1	7.16	503	-1.0	1.7825	-0.4666625650414818	145395	0.726975
(7.16, 7.22)	7.16	7.22	10523	-1.0	1.7974999999999999	-9.681333674136487	155918	0.77959
(7.22, 7.279999999999999)	7.22	7.279999999999999	9324	-1.0	1.8125	-8.50724160511852	165242	0.82621
(7.279999999999999, 7.34)	7.279999999999999	7.34	417	-1.0	1.8275	-0.3773489854326772	165659	0.828295
(7.34, 7.4)	7.34	7.4	149	-1.0	1.8425	-0.13373444791849093	165808	0.82904
(7.4, 7.46)	7.4	7.46	68	-1.0	1.8575	-0.06054030541775284	165876	0.82938
(7.46, 7.52)	7.46	7.52	53	-1.0	1.8725	-0.04680783568376848	165929	0.829645
(7.52, 7.58)	7.52	7.58	42	-1.0	1.8875	-0.0367982230398593	165971	0.829855
(7.58, 7.64)	7.58	7.64	33	-1.0	1.9024999999999999	-0.028684929824106878	166004	0.83002
(7.64, 7.699999999999999)	7.64	7.699999999999999	21	-1.0	1.9175	-0.018111250583503352	166025	0.830125
(7.699999999999999, 7.76)	7.699999999999999	7.76	23	-1.0	1.9324999999999999	-0.019682164205234925	166048	0.83024
(7.76, 7.82)	7.76	7.82	46	-1.0	1.9475	-0.039061137177526385	166094	0.83047
(7.82, 7.88)	7.82	7.88	85	-1.0	1.9625	-0.07162650784297857	166179	0.830895
(7.88, 7.9399999999999995)	7.88	7.9399999999999995	285	-1.0	1.9775	-0.23833777745475454	166464	0.83232
(7.9399999999999995, 8.0)	7.9399999999999995	8.0	33536	-1.0	1.9925	-27.834116984461424	200000	1.0
