Intervalo	Inicio	Fin	Count	Q	u/R	Sigma	q_Comulate	q/Q
(0.0, 0.008)	0.0	0.008	8	1.0	0.01	39788.735772973836	8	4.99993750078124e-05
(0.008, 0.016)	0.008	0.016	26	1.0	0.03	43104.46375405499	34	0.00021249734378320272
(0.016, 0.024)	0.016	0.024	57	1.0	0.049999999999999996	56698.948476487705	91	0.0005687428907138661
(0.024, 0.032)	0.024	0.032	59	1.0	0.06999999999999999	41920.27518938315	150	0.0009374882813964825
(0.032, 0.04)	0.032	0.04	92	1.0	0.09000000000000001	50841.16237657767	242	0.0015124810939863252
(0.04, 0.048)	0.04	0.048	109	1.0	0.10999999999999999	49283.77499152441	351	0.0021937225784677693
(0.048, 0.056)	0.048	0.056	117	1.0	0.13	44762.32774459555	468	0.0029249634379570257
(0.056, 0.064)	0.056	0.064	169	1.0	0.15	56035.80288027151	637	0.0039812002349970625
(0.064, 0.07200000000000001)	0.064	0.07200000000000001	198	1.0	0.17	57927.71825771184	835	0.005218684766440419
(0.07200000000000001, 0.08)	0.07200000000000001	0.08	216	1.0	0.19000000000000003	56541.88767738391	1051	0.006568667891651355
(0.08, 0.088)	0.08	0.088	269	1.0	0.20999999999999996	63709.34477934507	1320	0.008249896876289046
(0.088, 0.096)	0.088	0.096	306	1.0	0.22999999999999998	66170.39753548904	1626	0.01016237297033787
(0.096, 0.10400000000000001)	0.096	0.10400000000000001	401	1.0	0.25	79776.41522481242	2027	0.012668591642604468
(0.10400000000000001, 0.112)	0.10400000000000001	0.112	478	1.0	0.27	88050.99860871068	2505	0.015656054299321258
(0.112, 0.12)	0.112	0.12	471	1.0	0.29	80777.99374599438	2976	0.018599767502906213
(0.12, 0.128)	0.12	0.128	558	1.0	0.31	89524.65548919115	3534	0.02208722390970113
(0.128, 0.136)	0.128	0.136	713	1.0	0.33	107459.72956867541	4247	0.02654341820727241
(0.136, 0.14400000000000002)	0.136	0.14400000000000002	784	1.0	0.35000000000000003	111408.46016432662	5031	0.03144335695803802
(0.14400000000000002, 0.152)	0.14400000000000002	0.152	907	1.0	0.37000000000000005	121920.21400705184	5938	0.03711203609954875
(0.152, 0.16)	0.152	0.16	1016	1.0	0.38999999999999996	129568.44726070957	6954	0.04346195672554093
(0.16, 0.168)	0.16	0.168	1132	1.0	0.41	137319.66126526328	8086	0.050536868289146386
(0.168, 0.176)	0.168	0.176	1259	1.0	0.42999999999999994	145622.14633190163	9345	0.05840551993100086
(0.176, 0.184)	0.176	0.184	1428	1.0	0.44999999999999996	157828.65189946286	10773	0.06733040836989537
(0.184, 0.192)	0.184	0.192	1593	1.0	0.47	168573.02150624266	12366	0.07728653391832602
(0.192, 0.2)	0.192	0.2	1873	1.0	0.49	190113.01556831592	14239	0.0889926375920301
(0.2, 0.20800000000000002)	0.2	0.20800000000000002	2047	1.0	0.51	199626.32874332689	16286	0.1017862276721541
(0.20800000000000002, 0.216)	0.20800000000000002	0.216	2307	1.0	0.53	216492.01280247886	18593	0.116204797440032
(0.216, 0.224)	0.216	0.224	2514	1.0	0.5499999999999999	227338.3675755817	21107	0.13191710103623705
(0.224, 0.232)	0.224	0.232	2786	1.0	0.57	243095.2146129499	23893	0.1493293833827077
(0.232, 0.24)	0.232	0.24	3010	1.0	0.59	253737.4887217191	26903	0.16814164822939714
(0.24, 0.248)	0.24	0.248	3322	1.0	0.61	270856.9267168425	30225	0.18890388870139124
(0.248, 0.256)	0.248	0.256	3663	1.0	0.63	289178.84749286337	33888	0.21179735253309334
(0.256, 0.264)	0.256	0.264	3993	1.0	0.65	305531.58065670024	37881	0.2367532905838677
(0.264, 0.272)	0.264	0.272	4356	1.0	0.67	323357.7108714067	42237	0.26397795027562154
(0.272, 0.28)	0.272	0.28	4689	1.0	0.6900000000000001	337988.01094107644	46926	0.2932838339520756
(0.28, 0.28800000000000003)	0.28	0.28800000000000003	5043	1.0	0.7100000000000001	353265.1311674415	51969	0.32480218997262533
(0.28800000000000003, 0.296)	0.28800000000000003	0.296	5456	1.0	0.7300000000000001	371724.9013310732	57425	0.3589017637279534
(0.296, 0.304)	0.296	0.304	5788	1.0	0.7499999999999999	383828.6710899533	63213	0.3950763115461057
(0.304, 0.312)	0.304	0.312	6188	1.0	0.7699999999999999	399695.9366285098	69401	0.43375082811464855
(0.312, 0.32)	0.312	0.32	6552	1.0	0.7899999999999999	412493.3493426018	75953	0.4747003162460469
(0.32, 0.328)	0.32	0.328	6846	1.0	0.8099999999999999	420360.6251570655	82799	0.5174872814089824
(0.328, 0.336)	0.328	0.336	7457	1.0	0.83	446844.2811130513	90256	0.5640929488381395
(0.336, 0.34400000000000003)	0.336	0.34400000000000003	7617	1.0	0.85	445692.3535040308	97873	0.6116986037674529
(0.34400000000000003, 0.352)	0.34400000000000003	0.352	8127	1.0	0.8699999999999999	464602.0914180468	106000	0.6624917188535143
(0.352, 0.36)	0.352	0.36	8658	1.0	0.8899999999999999	483835.4976438302	114658	0.7166035424557193
(0.36, 0.368)	0.36	0.368	9108	1.0	0.9099999999999999	497796.4360168214	123766	0.7735278309021137
(0.368, 0.376)	0.368	0.376	9490	1.0	0.9299999999999999	507520.2990396786	133256	0.8328395895051312
(0.376, 0.384)	0.376	0.384	9608	1.0	0.95	503013.38592991116	142864	0.8928888388895139
(0.384, 0.392)	0.384	0.392	9171	1.0	0.97	470235.17496642005	152035	0.9502068724140948
(0.392, 0.4)	0.392	0.4	7967	1.0	0.99	400248.5579586895	160002	1.0
(0.5, 0.506)	0.5	0.506	0	0.0	1.2574999999999998	0.0	0	0.0
(0.506, 0.512)	0.506	0.512	0	0.0	1.2725	0.0	0	0.0
(0.512, 0.518)	0.512	0.518	0	0.0	1.2874999999999999	0.0	0	0.0
(0.518, 0.524)	0.518	0.524	0	0.0	1.3025	0.0	0	0.0
(0.524, 0.53)	0.524	0.53	0	0.0	1.3175	0.0	0	0.0
(0.53, 0.536)	0.53	0.536	0	0.0	1.3325	0.0	0	0.0
(0.536, 0.542)	0.536	0.542	0	0.0	1.3475	0.0	0	0.0
(0.542, 0.548)	0.542	0.548	0	0.0	1.3625	0.0	0	0.0
(0.548, 0.554)	0.548	0.554	0	0.0	1.3775	0.0	0	0.0
(0.554, 0.56)	0.554	0.56	0	0.0	1.3925	0.0	0	0.0
(0.56, 0.5660000000000001)	0.56	0.5660000000000001	0	0.0	1.4075	0.0	0	0.0
(0.5660000000000001, 0.5720000000000001)	0.5660000000000001	0.5720000000000001	0	0.0	1.4225	0.0	0	0.0
(0.5720000000000001, 0.5780000000000001)	0.5720000000000001	0.5780000000000001	0	0.0	1.4375	0.0	0	0.0
(0.5780000000000001, 0.5840000000000001)	0.5780000000000001	0.5840000000000001	0	0.0	1.4525000000000001	0.0	0	0.0
(0.5840000000000001, 0.59)	0.5840000000000001	0.59	80001	0.0	1.4674999999999998	0.0	80001	0.5
(0.59, 0.596)	0.59	0.596	0	0.0	1.4825	0.0	80001	0.5
(0.596, 0.602)	0.596	0.602	0	0.0	1.4974999999999998	0.0	80001	0.5
(0.602, 0.608)	0.602	0.608	0	0.0	1.5125	0.0	80001	0.5
(0.608, 0.614)	0.608	0.614	0	0.0	1.5274999999999999	0.0	80001	0.5
(0.614, 0.62)	0.614	0.62	0	0.0	1.5425	0.0	80001	0.5
(0.62, 0.626)	0.62	0.626	0	0.0	1.5574999999999999	0.0	80001	0.5
(0.626, 0.632)	0.626	0.632	0	0.0	1.5725	0.0	80001	0.5
(0.632, 0.638)	0.632	0.638	0	0.0	1.5875	0.0	80001	0.5
(0.638, 0.644)	0.638	0.644	0	0.0	1.6025	0.0	80001	0.5
(0.644, 0.65)	0.644	0.65	0	0.0	1.6175	0.0	80001	0.5
(0.65, 0.656)	0.65	0.656	0	0.0	1.6325	0.0	80001	0.5
(0.656, 0.662)	0.656	0.662	0	0.0	1.6475	0.0	80001	0.5
(0.662, 0.668)	0.662	0.668	0	0.0	1.6625	0.0	80001	0.5
(0.668, 0.674)	0.668	0.674	0	0.0	1.6775	0.0	80001	0.5
(0.674, 0.68)	0.674	0.68	0	0.0	1.6925000000000001	0.0	80001	0.5
(0.68, 0.686)	0.68	0.686	80001	0.0	1.7075	0.0	160002	1.0
(0.686, 0.6920000000000001)	0.686	0.6920000000000001	0	0.0	1.7225000000000001	0.0	160002	1.0
(0.6920000000000001, 0.6980000000000001)	0.6920000000000001	0.6980000000000001	0	0.0	1.7375	0.0	160002	1.0
(0.6980000000000001, 0.7040000000000001)	0.6980000000000001	0.7040000000000001	0	0.0	1.7525000000000002	0.0	160002	1.0
(0.7040000000000001, 0.7100000000000001)	0.7040000000000001	0.7100000000000001	0	0.0	1.7675	0.0	160002	1.0
(0.7100000000000001, 0.716)	0.7100000000000001	0.716	0	0.0	1.7825000000000002	0.0	160002	1.0
(0.716, 0.722)	0.716	0.722	0	0.0	1.7974999999999999	0.0	160002	1.0
(0.722, 0.728)	0.722	0.728	0	0.0	1.8124999999999998	0.0	160002	1.0
(0.728, 0.734)	0.728	0.734	0	0.0	1.8275	0.0	160002	1.0
(0.734, 0.74)	0.734	0.74	0	0.0	1.8424999999999998	0.0	160002	1.0
(0.74, 0.746)	0.74	0.746	0	0.0	1.8575	0.0	160002	1.0
(0.746, 0.752)	0.746	0.752	0	0.0	1.8724999999999998	0.0	160002	1.0
(0.752, 0.758)	0.752	0.758	0	0.0	1.8875	0.0	160002	1.0
(0.758, 0.764)	0.758	0.764	0	0.0	1.9024999999999999	0.0	160002	1.0
(0.764, 0.77)	0.764	0.77	0	0.0	1.9175	0.0	160002	1.0
(0.77, 0.776)	0.77	0.776	0	0.0	1.9324999999999999	0.0	160002	1.0
(0.776, 0.782)	0.776	0.782	0	0.0	1.9475	0.0	160002	1.0
(0.782, 0.788)	0.782	0.788	0	0.0	1.9625	0.0	160002	1.0
(0.788, 0.794)	0.788	0.794	0	0.0	1.9775	0.0	160002	1.0
(0.794, 0.8)	0.794	0.8	0	0.0	1.9925	0.0	160002	1.0
