Intervalo	Inicio	Fin	Count	Q	u/R	Sigma	q_Comulate	q/Q
(0.0, 0.08)	0.0	0.08	28	1.0	0.01	3.4728322993867438	28	0.00014000070000350003
(0.08, 0.16)	0.08	0.16	88	1.0	0.03	3.6382052660242072	116	0.0005800029000145
(0.16, 0.24)	0.16	0.24	173	1.0	0.05	4.29142848424219	289	0.0014450072250361253
(0.24, 0.32)	0.24	0.32	224	1.0	0.07	3.9689511992991346	513	0.0025650128250641253
(0.32, 0.4)	0.32	0.4	311	1.0	0.09	4.28591605202094	824	0.0041200206001030006
(0.4, 0.48)	0.4	0.48	376	1.0	0.11	4.239561508342261	1200	0.006000030000150001
(0.48, 0.56)	0.48	0.56	440	1.0	0.13	4.197929153104852	1640	0.008200041000205001
(0.56, 0.64)	0.56	0.64	498	1.0	0.15000000000000002	4.117786869272854	2138	0.010690053450267252
(0.64, 0.72)	0.64	0.72	564	1.0	0.16999999999999998	4.114868522802783	2702	0.013510067550337752
(0.72, 0.8)	0.72	0.8	631	1.0	0.19	4.119092445325249	3333	0.01666508332541663
(0.8, 0.88)	0.8	0.88	718	1.0	0.21000000000000002	4.240635358774974	4051	0.02025510127550638
(0.88, 0.96)	0.88	0.96	812	1.0	0.22999999999999998	4.378788551400677	4863	0.02431512157560788
(0.96, 1.04)	0.96	1.04	836	1.0	0.25	4.147554003267593	5699	0.02849514247571238
(1.04, 1.12)	1.04	1.12	931	1.0	0.27	4.276728664985525	6630	0.033150165750828756
(1.12, 1.2)	1.12	1.2	1020	1.0	0.29000000000000004	4.362424809574486	7650	0.03825019125095625
(1.2, 1.28)	1.2	1.28	1101	1.0	0.31	4.405055716157606	8751	0.04375521877609388
(1.28, 1.36)	1.28	1.36	1133	1.0	0.33	4.258353890914692	9884	0.04942024710123551
(1.36, 1.44)	1.36	1.44	1184	1.0	0.35	4.195748410687666	11068	0.05534027670138351
(1.44, 1.52)	1.44	1.52	1395	1.0	0.37	4.676255847147205	12463	0.06231531157655788
(1.52, 1.6)	1.52	1.6	1427	1.0	0.39	4.538215834455013	13890	0.06945034725173625
(1.6, 1.68)	1.6	1.68	1463	1.0	0.41000000000000003	4.425743601047755	15353	0.07676538382691914
(1.68, 1.76)	1.68	1.76	1654	1.0	0.43	4.770817793343578	17007	0.08503542517712588
(1.76, 1.84)	1.76	1.84	1747	1.0	0.45	4.815109545260822	18754	0.09377046885234426
(1.84, 1.92)	1.84	1.92	1800	1.0	0.47	4.750074573629289	20554	0.10277051385256926
(1.92, 2.0)	1.92	2.0	1900	1.0	0.49	4.809315866497675	22454	0.11227056135280676
(2.0, 2.08)	2.0	2.08	2011	1.0	0.51	4.8906622927638175	24465	0.12232561162805813
(2.08, 2.16)	2.08	2.16	2191	1.0	0.53	5.127342026924769	26656	0.13328066640333203
(2.16, 2.24)	2.16	2.24	2226	1.0	0.55	5.019821232749925	28882	0.14441072205361027
(2.24, 2.32)	2.24	2.32	2438	1.0	0.5700000000000001	5.304990692922874	31320	0.15660078300391503
(2.32, 2.4)	2.32	2.4	2543	1.0	0.59	5.345891366428865	33863	0.1693158465792329
(2.4, 2.48)	2.4	2.48	2743	1.0	0.61	5.577271075654465	36606	0.18303091515457579
(2.48, 2.56)	2.48	2.56	2832	1.0	0.63	5.5754314466345	39438	0.1971909859549298
(2.56, 2.64)	2.56	2.64	2999	1.0	0.65	5.722540695527932	42437	0.21218606093030465
(2.64, 2.72)	2.64	2.72	3197	1.0	0.67	5.9182541903728145	45634	0.22817114085570428
(2.72, 2.8000000000000003)	2.72	2.8000000000000003	3384	1.0	0.6900000000000001	6.082849120664977	49018	0.24509122545612727
(2.8000000000000003, 2.88)	2.8000000000000003	2.88	3667	1.0	0.71	6.405873260488555	52685	0.26342631713158565
(2.88, 2.96)	2.88	2.96	3844	1.0	0.73	6.531099490627516	56529	0.2826464132320662
(2.96, 3.04)	2.96	3.04	4263	1.0	0.75	7.049849567755085	60792	0.30396151980759906
(3.04, 3.12)	3.04	3.12	4527	1.0	0.77	7.2919813633227095	65319	0.32659663298316494
(3.12, 3.2)	3.12	3.2	4841	1.0	0.79	7.600353147075582	70160	0.35080175400877006
(3.2, 3.2800000000000002)	3.2	3.2800000000000002	5170	1.0	0.81	7.916465162182307	75330	0.3766518832594163
(3.2800000000000002, 3.36)	3.2800000000000002	3.36	5636	1.0	0.8300000000000001	8.422066626223673	80966	0.4048320241601208
(3.36, 3.44)	3.36	3.44	6203	1.0	0.85	9.051251576931072	87169	0.43584717923589616
(3.44, 3.52)	3.44	3.52	6872	1.0	0.87	9.796922644246989	94041	0.4702073510367552
(3.52, 3.6)	3.52	3.6	7610	1.0	0.89	10.605238281835097	101651	0.5082575412877064
(3.6, 3.68)	3.6	3.68	8767	1.0	0.91	11.94910548223061	110418	0.5520927604638023
(3.68, 3.7600000000000002)	3.68	3.7600000000000002	10441	1.0	0.93	13.924670521465773	120859	0.6042980214901075
(3.7600000000000002, 3.84)	3.7600000000000002	3.84	14140	1.0	0.95	18.460845380950676	134999	0.674998374991875
(3.84, 3.92)	3.84	3.92	12115	1.0	0.97	15.490929052676899	147114	0.7355736778683893
(3.92, 4.0)	3.92	4.0	52885	1.0	0.99	66.25567682289595	199999	1.0
(5.0, 5.06)	5.0	5.06	23518	-1.0	1.2574999999999998	-30.928361267434596	23518	0.11759058795293977
(5.06, 5.12)	5.06	5.12	11459	-1.0	1.2725	-14.892014339478864	34977	0.17488587442937215
(5.12, 5.18)	5.12	5.18	8390	-1.0	1.2875	-10.776537398744342	43367	0.2168360841804209
(5.18, 5.24)	5.18	5.24	7271	-1.0	1.3025	-9.23168399555461	50638	0.2531912659563298
(5.24, 5.3)	5.24	5.3	6200	-1.0	1.3175	-7.782257253527754	56838	0.2841914209571048
(5.3, 5.36)	5.3	5.36	5642	-1.0	1.3325	-7.00213341664964	62480	0.31240156200781005
(5.36, 5.42)	5.36	5.42	4969	-1.0	1.3475000000000001	-6.0982432001600335	67449	0.3372466862334312
(5.42, 5.48)	5.42	5.48	4687	-1.0	1.3625	-5.688830052328732	72136	0.36068180340901707
(5.48, 5.54)	5.48	5.54	4251	-1.0	1.3775	-5.103451768971777	76387	0.3819369096845484
(5.54, 5.6)	5.54	5.6	4091	-1.0	1.3925	-4.858461806203739	80478	0.4023920119600598
(5.6, 5.66)	5.6	5.66	3810	-1.0	1.4075	-4.476525775408397	84288	0.42144210721053604
(5.66, 5.72)	5.66	5.72	3534	-1.0	1.4224999999999999	-4.108457392596158	87822	0.4391121955609778
(5.72, 5.78)	5.72	5.78	3412	-1.0	1.4375	-3.925235215074944	91234	0.4561722808614043
(5.78, 5.84)	5.78	5.84	3291	-1.0	1.4525000000000001	-3.7469358568254583	94525	0.4726273631368157
(5.84, 5.9)	5.84	5.9	3216	-1.0	1.4675	-3.624118982664934	97741	0.4887074435372177
(5.9, 5.96)	5.9	5.96	2947	-1.0	1.4825	-3.28738032162299	100688	0.503442517212586
(5.96, 6.02)	5.96	6.02	2988	-1.0	1.4975	-3.2997290438246822	103676	0.5183825919129595
(6.02, 6.08)	6.02	6.08	2945	-1.0	1.5125	-3.2199893338666272	106621	0.5331076655383277
(6.08, 6.14)	6.08	6.14	2722	-1.0	1.5274999999999999	-2.946940852289225	109343	0.5467177335886679
(6.14, 6.2)	6.14	6.2	2691	-1.0	1.5425	-2.8850479949524193	112034	0.5601728008640043
(6.2, 6.26)	6.2	6.26	2638	-1.0	1.5575	-2.80098803203618	114672	0.5733628668143341
(6.26, 6.32)	6.26	6.32	2643	-1.0	1.5725	-2.779527827172092	117315	0.5865779328896644
(6.32, 6.38)	6.32	6.38	2552	-1.0	1.5875	-2.6584680998980272	119867	0.5993379966899834
(6.38, 6.4399999999999995)	6.38	6.4399999999999995	2513	-1.0	1.6025	-2.5933370680808236	122380	0.6119030595152976
(6.4399999999999995, 6.5)	6.4399999999999995	6.5	2545	-1.0	1.6175	-2.6020043282370366	124925	0.6246281231406157
(6.5, 6.5600000000000005)	6.5	6.5600000000000005	2490	-1.0	1.6325	-2.522380930641848	127415	0.637078185390927
(6.5600000000000005, 6.62)	6.5600000000000005	6.62	2555	-1.0	1.6475	-2.564661182147023	129970	0.6498532492662463
(6.62, 6.68)	6.62	6.68	2453	-1.0	1.6625	-2.4400594716493345	132423	0.6621183105915529
(6.68, 6.74)	6.68	6.74	2435	-1.0	1.6775	-2.4004958197449873	134858	0.6742933714668573
(6.74, 6.8)	6.74	6.8	2516	-1.0	1.6925	-2.458365636985907	137374	0.6868734343671719
(6.8, 6.859999999999999)	6.8	6.859999999999999	2473	-1.0	1.7075	-2.3951235519440783	139847	0.6992384961924809
(6.859999999999999, 6.92)	6.859999999999999	6.92	2442	-1.0	1.7225	-2.3445038289038074	142289	0.7114485572427862
(6.92, 6.98)	6.92	6.98	2405	-1.0	1.7375	-2.2890473943199967	144694	0.7234736173680868
(6.98, 7.04)	6.98	7.04	2457	-1.0	1.7525	-2.318524274055647	147151	0.735758678793394
(7.04, 7.1)	7.04	7.1	2503	-1.0	1.7675	-2.3418870466397355	149654	0.7482737413687068
(7.1, 7.16)	7.1	7.16	2503	-1.0	1.7825	-2.322179722264073	152157	0.7607888039440197
(7.16, 7.22)	7.16	7.22	2518	-1.0	1.7974999999999999	-2.3166015576808583	154675	0.7733788668943344
(7.22, 7.279999999999999)	7.22	7.279999999999999	2575	-1.0	1.8125	-2.3494366294702043	157250	0.7862539312696564
(7.279999999999999, 7.34)	7.279999999999999	7.34	2627	-1.0	1.8275	-2.3772081168624535	159877	0.7993889969449848
(7.34, 7.4)	7.34	7.4	2704	-1.0	1.8425	-2.4269660883999964	162581	0.8129090645453227
(7.4, 7.46)	7.4	7.46	2787	-1.0	1.8575	-2.4812622235187822	165368	0.8268441342206712
(7.46, 7.52)	7.46	7.52	2941	-1.0	1.8725	-2.5973932970936433	168309	0.8415492077460387
(7.52, 7.58)	7.52	7.58	3003	-1.0	1.8875	-2.63107294734994	171312	0.8565642828214141
(7.58, 7.64)	7.58	7.64	3098	-1.0	1.9024999999999999	-2.6929064422752456	174410	0.8720543602718014
(7.64, 7.699999999999999)	7.64	7.699999999999999	3326	-1.0	1.9175	-2.8684771162253404	177736	0.8886844434222171
(7.699999999999999, 7.76)	7.699999999999999	7.76	3450	-1.0	1.9324999999999999	-2.952324630785239	181186	0.9059345296726483
(7.76, 7.82)	7.76	7.82	3863	-1.0	1.9475	-3.2802863677561835	185049	0.9252496262481312
(7.82, 7.88)	7.82	7.88	4480	-1.0	1.9625	-3.7751382957240467	189529	0.9476497382486913
(7.88, 7.9399999999999995)	7.88	7.9399999999999995	4943	-1.0	1.9775	-4.133696961259129	194472	0.9723648618243091
(7.9399999999999995, 8.0)	7.9399999999999995	8.0	5527	-1.0	1.9925	-4.587284248959873	199999	1.0
