Intervalo	Inicio	Fin	Count	Q	u/R	Sigma	q_Comulate	q/Q
(0.0, 0.08)	0.0	0.08	33	1.0	0.01	4.092980924277234	33	0.00016500165001650017
(0.08, 0.16)	0.08	0.16	82	1.0	0.03	3.3901458160680114	115	0.0005750057500575006
(0.16, 0.24)	0.16	0.24	150	1.0	0.05	3.7208917493429396	265	0.0013250132501325014
(0.24, 0.32)	0.24	0.32	233	1.0	0.07	4.12841798855669	498	0.0024900249002490025
(0.32, 0.4)	0.32	0.4	286	1.0	0.09	3.94138903819289	784	0.0039200392003920035
(0.4, 0.48)	0.4	0.48	344	1.0	0.11	3.8787477629514298	1128	0.005640056400564006
(0.48, 0.56)	0.48	0.56	426	1.0	0.13	4.064358680051516	1554	0.007770077700777008
(0.56, 0.64)	0.56	0.64	433	1.0	0.15000000000000002	3.5803247277010968	1987	0.00993509935099351
(0.64, 0.72)	0.64	0.72	567	1.0	0.16999999999999998	4.13675612132833	2554	0.012770127701277013
(0.72, 0.8)	0.72	0.8	582	1.0	0.19	3.799226312486997	3136	0.015680156801568014
(0.8, 0.88)	0.8	0.88	695	1.0	0.21000000000000002	4.104793279037057	3831	0.01915519155191552
(0.88, 0.96)	0.88	0.96	740	1.0	0.22999999999999998	3.9905215862518486	4571	0.02285522855228552
(0.96, 1.04)	0.96	1.04	836	1.0	0.25	4.147554003267593	5407	0.027035270352703526
(1.04, 1.12)	1.04	1.12	836	1.0	0.27	3.8403277808033285	6243	0.03121531215312153
(1.12, 1.2)	1.12	1.2	926	1.0	0.29000000000000004	3.9603974251627205	7169	0.03584535845358454
(1.2, 1.28)	1.2	1.28	981	1.0	0.31	3.9249406517262595	8150	0.04075040750407504
(1.28, 1.36)	1.28	1.36	1107	1.0	0.33	4.160633501538009	9257	0.04628546285462855
(1.36, 1.44)	1.36	1.44	1161	1.0	0.35	4.114243162844916	10418	0.052090520905209055
(1.44, 1.52)	1.44	1.52	1235	1.0	0.37	4.13991109048516	11653	0.058265582655826556
(1.52, 1.6)	1.52	1.6	1341	1.0	0.39	4.264714389631515	12994	0.06497064970649706
(1.6, 1.68)	1.6	1.68	1522	1.0	0.41000000000000003	4.604225400406483	14516	0.07258072580725808
(1.68, 1.76)	1.68	1.76	1508	1.0	0.43	4.349693610859804	16024	0.08012080120801209
(1.76, 1.84)	1.76	1.84	1627	1.0	0.45	4.484363611985894	17651	0.08825588255882559
(1.84, 1.92)	1.84	1.92	1668	1.0	0.47	4.401735771563142	19319	0.0965959659596596
(1.92, 2.0)	1.92	2.0	1802	1.0	0.49	4.56125641654148	21121	0.1056060560605606
(2.0, 2.08)	2.0	2.08	1935	1.0	0.51	4.705833682992535	23056	0.11528115281152812
(2.08, 2.16)	2.08	2.16	2100	1.0	0.53	4.914385329320864	25156	0.12578125781257812
(2.16, 2.24)	2.16	2.24	2102	1.0	0.55	4.740190580072031	27258	0.13629136291362914
(2.24, 2.32)	2.24	2.32	2298	1.0	0.5700000000000001	5.000356280695966	29556	0.14778147781477816
(2.32, 2.4)	2.32	2.4	2380	1.0	0.59	5.003232973692764	31936	0.15968159681596816
(2.4, 2.48)	2.4	2.48	2622	1.0	0.61	5.3312448998782385	34558	0.17279172791727918
(2.48, 2.56)	2.48	2.56	2654	1.0	0.63	5.224998255426541	37212	0.1860618606186062
(2.56, 2.64)	2.56	2.64	2842	1.0	0.65	5.422961205965449	40054	0.2002720027200272
(2.64, 2.72)	2.64	2.72	3051	1.0	0.67	5.647980461316065	43105	0.21552715527155272
(2.72, 2.8000000000000003)	2.72	2.8000000000000003	3247	1.0	0.6900000000000001	5.83658720295484	46352	0.23176231762317623
(2.8000000000000003, 2.88)	2.8000000000000003	2.88	3466	1.0	0.71	6.054746855973093	49818	0.24909249092490926
(2.88, 2.96)	2.88	2.96	3682	1.0	0.73	6.255855443415847	53500	0.2675026750267503
(2.96, 3.04)	2.96	3.04	3966	1.0	0.75	6.558691856841817	57466	0.2873328733287333
(3.04, 3.12)	3.04	3.12	4300	1.0	0.77	6.926335290984682	61766	0.3088330883308833
(3.12, 3.2)	3.12	3.2	4457	1.0	0.79	6.997474483890905	66223	0.33111831118311186
(3.2, 3.2800000000000002)	3.2	3.2800000000000002	4973	1.0	0.81	7.614812621186192	71196	0.3559835598355984
(3.2800000000000002, 3.36)	3.2800000000000002	3.36	5328	1.0	0.8300000000000001	7.961811743172414	76524	0.3826238262382624
(3.36, 3.44)	3.36	3.44	5864	1.0	0.85	8.556591850253717	82388	0.4119441194411944
(3.44, 3.52)	3.44	3.52	6783	1.0	0.87	9.670041661223417	89171	0.4458594585945859
(3.52, 3.6)	3.52	3.6	7290	1.0	0.89	10.15928870888014	96461	0.482309823098231
(3.6, 3.68)	3.6	3.68	7491	1.0	0.91	10.20996340451574	103952	0.5197651976519765
(3.68, 3.7600000000000002)	3.68	3.7600000000000002	9871	1.0	0.93	13.164488336116142	113823	0.5691206912069121
(3.7600000000000002, 3.84)	3.7600000000000002	3.84	15799	1.0	0.95	20.626796051884	129622	0.6481164811648117
(3.84, 3.92)	3.84	3.92	7736	1.0	0.97	9.891690231242963	137358	0.6867968679686797
(3.92, 4.0)	3.92	4.0	62640	1.0	0.99	78.47698962250549	199998	1.0
(5.0, 5.06)	5.0	5.06	50918	-1.0	1.2574999999999998	-66.9619142365522	50918	0.25459
(5.06, 5.12)	5.06	5.12	9137	-1.0	1.2725	-11.874363820561863	60055	0.300275
(5.12, 5.18)	5.12	5.18	2784	-1.0	1.2875	-3.575909430048182	62839	0.314195
(5.18, 5.24)	5.18	5.24	4510	-1.0	1.3025	-5.726158000268366	67349	0.336745
(5.24, 5.3)	5.24	5.3	6405	-1.0	1.3175	-8.0395738240073	73754	0.36877
(5.3, 5.36)	5.3	5.36	6342	-1.0	1.3325	-7.870884460898974	80096	0.40048
(5.36, 5.42)	5.36	5.42	5080	-1.0	1.3475000000000001	-6.234468797909633	85176	0.42588
(5.42, 5.48)	5.42	5.48	4123	-1.0	1.3625	-5.004277001440443	89299	0.446495
(5.48, 5.54)	5.48	5.54	3563	-1.0	1.3775	-4.277487333061971	92862	0.46431
(5.54, 5.6)	5.54	5.6	3267	-1.0	1.3925	-3.879881378848108	96129	0.480645
(5.6, 5.66)	5.6	5.66	3180	-1.0	1.4075	-3.73631285191567	99309	0.496545
(5.66, 5.72)	5.66	5.72	3110	-1.0	1.4224999999999999	-3.6155355096134842	102419	0.512095
(5.72, 5.78)	5.72	5.78	2958	-1.0	1.4375	-3.402944245659931	105377	0.526885
(5.78, 5.84)	5.78	5.84	2830	-1.0	1.4525000000000001	-3.222068816413262	108207	0.541035
(5.84, 5.9)	5.84	5.9	2694	-1.0	1.4675	-3.035875789583126	110901	0.554505
(5.9, 5.96)	5.9	5.96	2580	-1.0	1.4825	-2.8779915947700423	113481	0.567405
(5.96, 6.02)	5.96	6.02	2427	-1.0	1.4975	-2.68020160286563	115908	0.57954
(6.02, 6.08)	6.02	6.08	2277	-1.0	1.5125	-2.4896148431967093	118185	0.590925
(6.08, 6.14)	6.08	6.14	2161	-1.0	1.5274999999999999	-2.3395808897123493	120346	0.60173
(6.14, 6.2)	6.14	6.2	2227	-1.0	1.5425	-2.3875889575470226	122573	0.612865
(6.2, 6.26)	6.2	6.26	2111	-1.0	1.5575	-2.241427496447451	124684	0.62342
(6.26, 6.32)	6.26	6.32	2031	-1.0	1.5725	-2.135914119177646	126715	0.633575
(6.32, 6.38)	6.32	6.38	1979	-1.0	1.5875	-2.0615628407908293	128694	0.64347
(6.38, 6.4399999999999995)	6.38	6.4399999999999995	1919	-1.0	1.6025	-1.9803477252873458	130613	0.653065
(6.4399999999999995, 6.5)	6.4399999999999995	6.5	1939	-1.0	1.6175	-1.9824308025350152	132552	0.66276
(6.5, 6.5600000000000005)	6.5	6.5600000000000005	1906	-1.0	1.6325	-1.9307863669893022	134458	0.67229
(6.5600000000000005, 6.62)	6.5600000000000005	6.62	1783	-1.0	1.6475	-1.7897420304376286	136241	0.681205
(6.62, 6.68)	6.62	6.68	1809	-1.0	1.6625	-1.7994568219378906	138050	0.69025
(6.68, 6.74)	6.68	6.74	1702	-1.0	1.6775	-1.6778824990578927	139752	0.69876
(6.74, 6.8)	6.74	6.8	1707	-1.0	1.6925	-1.6678975128517262	141459	0.707295
(6.8, 6.859999999999999)	6.8	6.859999999999999	1639	-1.0	1.7075	-1.5873867778553756	143098	0.71549
(6.859999999999999, 6.92)	6.859999999999999	6.92	1556	-1.0	1.7225	-1.4938771325857183	144654	0.72327
(6.92, 6.98)	6.92	6.98	1681	-1.0	1.7375	-1.5999537088781348	146335	0.731675
(6.98, 7.04)	6.98	7.04	1718	-1.0	1.7525	-1.621174075224909	148053	0.740265
(7.04, 7.1)	7.04	7.1	1832	-1.0	1.7675	-1.7140779342564905	149885	0.749425
(7.1, 7.16)	7.1	7.16	1829	-1.0	1.7825	-1.69687044028006	151714	0.75857
(7.16, 7.22)	7.16	7.22	1911	-1.0	1.7974999999999999	-1.7581515396060845	153625	0.768125
(7.22, 7.279999999999999)	7.22	7.279999999999999	1952	-1.0	1.8125	-1.7810098255245976	155577	0.777885
(7.279999999999999, 7.34)	7.279999999999999	7.34	1804	-1.0	1.8275	-1.6324641959725412	157381	0.786905
(7.34, 7.4)	7.34	7.4	1718	-1.0	1.8425	-1.54198511089911	159099	0.795495
(7.4, 7.46)	7.4	7.46	1484	-1.0	1.8575	-1.3212031358815475	160583	0.802915
(7.46, 7.52)	7.46	7.52	1213	-1.0	1.8725	-1.071281220460588	161796	0.80898
(7.52, 7.58)	7.52	7.58	943	-1.0	1.8875	-0.8262077220616029	162739	0.813695
(7.58, 7.64)	7.58	7.64	722	-1.0	1.9024999999999999	-0.6275914949395506	163461	0.817305
(7.64, 7.699999999999999)	7.64	7.699999999999999	528	-1.0	1.9175	-0.45536858609951286	163989	0.819945
(7.699999999999999, 7.76)	7.699999999999999	7.76	428	-1.0	1.9324999999999999	-0.3662594034713282	164417	0.822085
(7.76, 7.82)	7.76	7.82	464	-1.0	1.9475	-0.3940079923993966	164881	0.824405
(7.82, 7.88)	7.82	7.88	789	-1.0	1.9625	-0.6648625257424716	165670	0.82835
(7.88, 7.9399999999999995)	7.88	7.9399999999999995	1815	-1.0	1.9775	-1.5178353195802787	167485	0.837425
(7.9399999999999995, 8.0)	7.9399999999999995	8.0	32515	-1.0	1.9925	-26.986710214389408	200000	1.0
