Intervalo	Inicio	Fin	Count	Q	u/R	Sigma	q_Comulate	q/Q
(0.0, 0.08)	0.0	0.08	1186	1.0	0.01	4.213041981532299	1186	0.00016943007209492428
(0.08, 0.16)	0.08	0.16	3530	1.0	0.03	4.179887069929458	4716	0.0006737202529508118
(0.16, 0.24)	0.16	0.24	5981	1.0	0.05	4.249275563498259	10697	0.0015281563922423312
(0.24, 0.32)	0.24	0.32	8648	1.0	0.07	4.388627686857542	19345	0.002763595906135169
(0.32, 0.4)	0.32	0.4	11015	1.0	0.09	4.347635134586683	30360	0.004337181272176982
(0.4, 0.48)	0.4	0.48	13330	1.0	0.11	4.304756217524572	43690	0.0062414838531427
(0.48, 0.56)	0.48	0.56	16073	1.0	0.13	4.39202385323444	59763	0.008537647047730993
(0.56, 0.64)	0.56	0.64	18385	1.0	0.15000000000000002	4.353950355844369	78148	0.011164098882018669
(0.64, 0.72)	0.64	0.72	20763	1.0	0.16999999999999998	4.3386266572044025	98911	0.01413026801094524
(0.72, 0.8)	0.72	0.8	23755	1.0	0.19	4.44132476574508	122666	0.01752386949712983
(0.8, 0.88)	0.8	0.88	26380	1.0	0.21000000000000002	4.46238044940264	149046	0.021292474304772414
(0.88, 0.96)	0.88	0.96	29238	1.0	0.22999999999999998	4.515760739645184	178284	0.025469368442977636
(0.96, 1.04)	0.96	1.04	31507	1.0	0.25	4.4769077137314675	209791	0.02997040830933074
(1.04, 1.12)	1.04	1.12	34157	1.0	0.27	4.49393776038969	243948	0.0348500229573462
(1.12, 1.2)	1.12	1.2	36599	1.0	0.29000000000000004	4.4831401838140605	280547	0.04007849783812371
(1.2, 1.28)	1.2	1.28	40178	1.0	0.31	4.604025478268089	320725	0.04581826296175766
(1.28, 1.36)	1.28	1.36	43103	1.0	0.33	4.63985764551041	363828	0.051975888929301946
(1.36, 1.44)	1.36	1.44	46460	1.0	0.35	4.715440386942688	410288	0.05861309057308793
(1.44, 1.52)	1.44	1.52	49123	1.0	0.37	4.7162221698831175	459411	0.06563072415784255
(1.52, 1.6)	1.52	1.6	52290	1.0	0.39	4.762830570638723	511701	0.0731007903212857
(1.6, 1.68)	1.6	1.68	55947	1.0	0.41000000000000003	4.847346270324278	567648	0.08109328968342291
(1.68, 1.76)	1.68	1.76	58997	1.0	0.43	4.873854617523446	626645	0.08952150719049226
(1.76, 1.84)	1.76	1.84	62427	1.0	0.45	4.92800396816782	689072	0.09843972903760005
(1.84, 1.92)	1.84	1.92	67026	1.0	0.47	5.065899175741525	756098	0.10801495670390224
(1.92, 2.0)	1.92	2.0	70508	1.0	0.49	5.1115594182792305	826606	0.11808761734746794
(2.0, 2.08)	2.0	2.08	75185	1.0	0.51	5.236874010209064	901791	0.12882842676606565
(2.08, 2.16)	2.08	2.16	79206	1.0	0.53	5.308762658519954	980997	0.1401436698439329
(2.16, 2.24)	2.16	2.24	83872	1.0	0.55	5.417081972636466	1064869	0.15212549025434224
(2.24, 2.32)	2.24	2.32	88924	1.0	0.5700000000000001	5.5418559386671875	1153793	0.16482903134284904
(2.32, 2.4)	2.32	2.4	93024	1.0	0.59	5.600851992026473	1246817	0.17811829190487116
(2.4, 2.48)	2.4	2.48	97954	1.0	0.61	5.704314188193048	1344771	0.19211184441919343
(2.48, 2.56)	2.48	2.56	104427	1.0	0.63	5.88821080603701	1449198	0.20703011940962907
(2.56, 2.64)	2.56	2.64	111275	1.0	0.65	6.081284816383527	1560473	0.2229266887792435
(2.64, 2.72)	2.64	2.72	117558	1.0	0.67	6.232875956620435	1678031	0.2397208375274181
(2.72, 2.8000000000000003)	2.72	2.8000000000000003	124172	1.0	0.6900000000000001	6.392720005509059	1802203	0.25745985178725866
(2.8000000000000003, 2.88)	2.8000000000000003	2.88	133680	1.0	0.71	6.688352992556828	1935883	0.27655716379202216
(2.88, 2.96)	2.88	2.96	142400	1.0	0.73	6.92944140740372	2078283	0.296900201116067
(2.96, 3.04)	2.96	3.04	151810	1.0	0.75	7.190353043467316	2230093	0.3185875360610337
(3.04, 3.12)	3.04	3.12	161868	1.0	0.77	7.467605609455213	2391961	0.34171174087541917
(3.12, 3.2)	3.12	3.2	174020	1.0	0.79	7.82497882069555	2565981	0.36657196106594087
(3.2, 3.2800000000000002)	3.2	3.2800000000000002	188277	1.0	0.81	8.257020227312024	2754258	0.393468913581806
(3.2800000000000002, 3.36)	3.2800000000000002	3.36	204477	1.0	0.8300000000000001	8.751398700276168	2958735	0.4226801723100976
(3.36, 3.44)	3.36	3.44	221695	1.0	0.85	9.265056463602837	3180430	0.45435116711033724
(3.44, 3.52)	3.44	3.52	247171	1.0	0.87	10.092281595794987	3427601	0.4896616227172298
(3.52, 3.6)	3.52	3.6	275347	1.0	0.89	10.990094837608915	3702948	0.5289972568328463
(3.6, 3.68)	3.6	3.68	310939	1.0	0.91	12.13793766743576	4013887	0.5734175074122085
(3.68, 3.7600000000000002)	3.68	3.7600000000000002	367425	1.0	0.93	14.034496999623743	4381312	0.625907258035714
(3.7600000000000002, 3.84)	3.7600000000000002	3.84	487504	1.0	0.95	18.229118826350685	4868816	0.695551303454402
(3.84, 3.92)	3.84	3.92	435809	1.0	0.97	15.9600981635369	5304625	0.7578102834625107
(3.92, 4.0)	3.92	4.0	1695313	1.0	0.99	60.83111759106624	6999938	1.0
(5.0, 5.06)	5.0	5.06	300474	-1.0	1.2574999999999998	-11.317454028914254	300474	0.0429249061998928
(5.06, 5.12)	5.06	5.12	240341	-1.0	1.2725	-8.945814885813173	540815	0.07725937401071316
(5.12, 5.18)	5.12	5.18	211514	-1.0	1.2875	-7.781112868530524	752329	0.1074756942579363
(5.18, 5.24)	5.18	5.24	196835	-1.0	1.3025	-7.157715410304275	949164	0.13559501210858527
(5.24, 5.3)	5.24	5.3	183560	-1.0	1.3175	-6.59898679730802	1132724	0.16181789922045625
(5.3, 5.36)	5.3	5.36	173870	-1.0	1.3325	-6.180267467580518	1306594	0.1866564990359989
(5.36, 5.42)	5.36	5.42	164927	-1.0	1.3475000000000001	-5.797127066972293	1471521	0.21021752596288681
(5.42, 5.48)	5.42	5.48	157806	-1.0	1.3625	-5.485760398844273	1629327	0.23276126601287545
(5.48, 5.54)	5.48	5.54	152129	-1.0	1.3775	-5.230825561035468	1781456	0.2544940051360059
(5.54, 5.6)	5.54	5.6	146212	-1.0	1.3925	-4.9732197335465145	1927668	0.27538145757880866
(5.6, 5.66)	5.6	5.66	141136	-1.0	1.4075	-4.74940533263473	2068804	0.295543766335733
(5.66, 5.72)	5.66	5.72	136982	-1.0	1.4224999999999999	-4.561010395360542	2205786	0.31511264584302384
(5.72, 5.78)	5.72	5.78	133474	-1.0	1.4375	-4.3978322199030275	2339260	0.3341803819204365
(5.78, 5.84)	5.78	5.84	131118	-1.0	1.4525000000000001	-4.2755895741737815	2470378	0.3529115461846242
(5.84, 5.9)	5.84	5.9	128742	-1.0	1.4675	-4.155200418177438	2599120	0.37130328148946457
(5.9, 5.96)	5.9	5.96	125818	-1.0	1.4825	-4.019739501851243	2724938	0.3892773020312023
(5.96, 6.02)	5.96	6.02	123553	-1.0	1.4975	-3.907835719786033	2848491	0.4069277507745723
(6.02, 6.08)	6.02	6.08	122535	-1.0	1.5125	-3.837201504844347	2971026	0.42443277078030944
(6.08, 6.14)	6.08	6.14	120024	-1.0	1.5274999999999999	-3.721660145166495	3091050	0.44157907609037267
(6.14, 6.2)	6.14	6.2	119003	-1.0	1.5425	-3.654118032389639	3210053	0.45857952409088465
(6.2, 6.26)	6.2	6.26	118246	-1.0	1.5575	-3.595905230350334	3328299	0.4754718291106618
(6.26, 6.32)	6.26	6.32	117335	-1.0	1.5725	-3.5341644814164592	3445634	0.4922339911245613
(6.32, 6.38)	6.32	6.38	116153	-1.0	1.5875	-3.4655050145374093	3561787	0.5088272958026238
(6.38, 6.4399999999999995)	6.38	6.4399999999999995	115666	-1.0	1.6025	-3.418672614623691	3677453	0.5253510289726046
(6.4399999999999995, 6.5)	6.4399999999999995	6.5	115243	-1.0	1.6175	-3.3745828905683655	3792696	0.5418143335020954
(6.5, 6.5600000000000005)	6.5	6.5600000000000005	114680	-1.0	1.6325	-3.3272415336807226	3907376	0.5581972093682392
(6.5600000000000005, 6.62)	6.5600000000000005	6.62	115007	-1.0	1.6475	-3.3063489431674147	4022383	0.5746267995734853
(6.62, 6.68)	6.62	6.68	114377	-1.0	1.6625	-3.2585686998049788	4136760	0.5909663896758739
(6.68, 6.74)	6.68	6.74	114065	-1.0	1.6775	-3.220621666576881	4250825	0.6072614082987523
(6.74, 6.8)	6.74	6.8	114807	-1.0	1.6925	-3.2128431621753863	4365632	0.6236624270427737
(6.8, 6.859999999999999)	6.8	6.859999999999999	115326	-1.0	1.7075	-3.199015549474287	4480958	0.6401375887286729
(6.859999999999999, 6.92)	6.859999999999999	6.92	115464	-1.0	1.7225	-3.1749522814101154	4596422	0.6566324647228168
(6.92, 6.98)	6.92	6.98	116151	-1.0	1.7375	-3.166270205616808	4712573	0.6732254836862671
(6.98, 7.04)	6.98	7.04	116786	-1.0	1.7525	-3.156331368615684	4829359	0.6899092170391052
(7.04, 7.1)	7.04	7.1	117622	-1.0	1.7675	-3.1519474742770206	4946981	0.7067123790998618
(7.1, 7.16)	7.1	7.16	118649	-1.0	1.7825	-3.1527125680347337	5065630	0.7236622556140064
(7.16, 7.22)	7.16	7.22	120687	-1.0	1.7974999999999999	-3.1801047618612666	5186317	0.7409032753180289
(7.22, 7.279999999999999)	7.22	7.279999999999999	121655	-1.0	1.8125	-3.1790823811180555	5307972	0.7582825808943782
(7.279999999999999, 7.34)	7.279999999999999	7.34	122989	-1.0	1.8275	-3.187562574259632	5430961	0.775852458117095
(7.34, 7.4)	7.34	7.4	124921	-1.0	1.8425	-3.211277156300316	5555882	0.7936983356552407
(7.4, 7.46)	7.4	7.46	126593	-1.0	1.8575	-3.227979022909691	5682475	0.8117830706092235
(7.46, 7.52)	7.46	7.52	128891	-1.0	1.8725	-3.260247729469132	5811366	0.8301960916526762
(7.52, 7.58)	7.52	7.58	131818	-1.0	1.8875	-3.307787426802741	5943184	0.8490272560311497
(7.58, 7.64)	7.58	7.64	135260	-1.0	1.9024999999999999	-3.3673987936175283	6078444	0.8683501352572974
(7.64, 7.699999999999999)	7.64	7.699999999999999	138207	-1.0	1.9175	-3.413850525530807	6216651	0.8880940149645885
(7.699999999999999, 7.76)	7.699999999999999	7.76	142191	-1.0	1.9324999999999999	-3.484997254274168	6358842	0.9084070381794722
(7.76, 7.82)	7.76	7.82	147745	-1.0	1.9475	-3.5932311863279143	6506587	0.929513490872561
(7.82, 7.88)	7.82	7.88	153514	-1.0	1.9625	-3.704999526695834	6660101	0.9514440873646712
(7.88, 7.9399999999999995)	7.88	7.9399999999999995	162363	-1.0	1.9775	-3.8888429926472448	6822464	0.9746388281586608
(7.9399999999999995, 8.0)	7.9399999999999995	8.0	177528	-1.0	1.9925	-4.22005746336541	6999992	1.0
