Intervalo	Inicio	Fin	Count	Q	u/R	Sigma	q_Comulate	q/Q
(0.0, 0.08)	0.0	0.08	2	1.0	0.01	0.0662703793687106	2	0.0006666666666666666
(0.08, 0.16)	0.08	0.16	4	1.0	0.03	0.04418025291247372	6	0.002
(0.16, 0.24)	0.16	0.24	7	1.0	0.05	0.046389265558097414	13	0.004333333333333333
(0.24, 0.32)	0.24	0.32	8	1.0	0.07	0.037868788210691756	21	0.007
(0.32, 0.4)	0.32	0.4	13	1.0	0.09	0.047861940655179847	34	0.011333333333333334
(0.4, 0.48)	0.4	0.48	25	1.0	0.11	0.07530724928262571	59	0.019666666666666666
(0.48, 0.56)	0.48	0.56	17	1.0	0.13	0.04333063266415689	76	0.025333333333333333
(0.56, 0.64)	0.56	0.64	18	1.0	0.15000000000000002	0.039762227621226366	94	0.03133333333333333
(0.64, 0.72)	0.64	0.72	31	1.0	0.16999999999999998	0.06042299295382439	125	0.041666666666666664
(0.72, 0.8)	0.72	0.8	19	1.0	0.19	0.03313518968435525	144	0.048
(0.8, 0.88)	0.8	0.88	24	1.0	0.21000000000000002	0.037868788210691805	168	0.056
(0.88, 0.96)	0.88	0.96	16	1.0	0.22999999999999998	0.02305056673694281	184	0.06133333333333333
(0.96, 1.04)	0.96	1.04	23	1.0	0.25	0.03048437450960684	207	0.069
(1.04, 1.12)	1.04	1.12	26	1.0	0.27	0.031907960436786564	233	0.07766666666666666
(1.12, 1.2)	1.12	1.2	25	1.0	0.29000000000000004	0.028564818693409773	258	0.086
(1.2, 1.28)	1.2	1.28	41	1.0	0.31	0.04382396055027632	299	0.09966666666666667
(1.28, 1.36)	1.28	1.36	49	1.0	0.33	0.049200736197982035	348	0.116
(1.36, 1.44)	1.36	1.44	36	1.0	0.35	0.03408190938962266	384	0.128
(1.44, 1.52)	1.44	1.52	48	1.0	0.37	0.042986192022947387	432	0.144
(1.52, 1.6)	1.52	1.6	44	1.0	0.39	0.037383290925939235	476	0.15866666666666668
(1.6, 1.68)	1.6	1.68	41	1.0	0.41000000000000003	0.03313518968435541	517	0.17233333333333334
(1.68, 1.76)	1.68	1.76	55	1.0	0.43	0.04238221936371021	572	0.19066666666666668
(1.76, 1.84)	1.76	1.84	57	1.0	0.45	0.04197124026685	629	0.20966666666666667
(1.84, 1.92)	1.84	1.92	61	1.0	0.47	0.043005246186078185	690	0.23
(1.92, 2.0)	1.92	2.0	53	1.0	0.49	0.03584010312797612	743	0.24766666666666667
(2.0, 2.08)	2.0	2.08	53	1.0	0.51	0.034434608887663296	796	0.2653333333333333
(2.08, 2.16)	2.08	2.16	54	1.0	0.53	0.03376038194255068	850	0.2833333333333333
(2.16, 2.24)	2.16	2.24	78	1.0	0.55	0.04699172355235837	928	0.30933333333333335
(2.24, 2.32)	2.24	2.32	61	1.0	0.5700000000000001	0.035460466153432964	989	0.32966666666666666
(2.32, 2.4)	2.32	2.4	69	1.0	0.59	0.03875132352916126	1058	0.3526666666666667
(2.4, 2.48)	2.4	2.48	66	1.0	0.61	0.035851188838810596	1124	0.37466666666666665
(2.48, 2.56)	2.48	2.56	80	1.0	0.63	0.04207643134521307	1204	0.4013333333333333
(2.56, 2.64)	2.56	2.64	78	1.0	0.65	0.03976222762122632	1282	0.42733333333333334
(2.64, 2.72)	2.64	2.72	69	1.0	0.67	0.034124299824186737	1351	0.4503333333333333
(2.72, 2.8000000000000003)	2.72	2.8000000000000003	62	1.0	0.6900000000000001	0.029773648701884453	1413	0.471
(2.8000000000000003, 2.88)	2.8000000000000003	2.88	94	1.0	0.71	0.04386912437083679	1507	0.5023333333333333
(2.88, 2.96)	2.88	2.96	90	1.0	0.73	0.04085160372043803	1597	0.5323333333333333
(2.96, 3.04)	2.96	3.04	96	1.0	0.75	0.04241304279597474	1693	0.5643333333333334
(3.04, 3.12)	3.04	3.12	115	1.0	0.77	0.04948762095715393	1808	0.6026666666666667
(3.12, 3.2)	3.12	3.2	92	1.0	0.79	0.03858781583494532	1900	0.6333333333333333
(3.2, 3.2800000000000002)	3.2	3.2800000000000002	109	1.0	0.81	0.044589329328329985	2009	0.6696666666666666
(3.2800000000000002, 3.36)	3.2800000000000002	3.36	91	1.0	0.8300000000000001	0.03632894290694399	2100	0.7
(3.36, 3.44)	3.36	3.44	101	1.0	0.85	0.0393724018602339	2201	0.7336666666666667
(3.44, 3.52)	3.44	3.52	96	1.0	0.87	0.03656296792756441	2297	0.7656666666666667
(3.52, 3.6)	3.52	3.6	128	1.0	0.89	0.047655104265140094	2425	0.8083333333333333
(3.6, 3.68)	3.6	3.68	114	1.0	0.91	0.04151001784633521	2539	0.8463333333333334
(3.68, 3.7600000000000002)	3.68	3.7600000000000002	107	1.0	0.93	0.03812328275511833	2646	0.882
(3.7600000000000002, 3.84)	3.7600000000000002	3.84	124	1.0	0.95	0.043250142324842915	2770	0.9233333333333333
(3.84, 3.92)	3.84	3.92	119	1.0	0.97	0.040650387344724585	2889	0.963
(3.92, 4.0)	3.92	4.0	111	1.0	0.99	0.03715157631276192	3000	1.0
(5.0, 5.06)	5.0	5.06	38	-1.0	1.2574999999999998	-0.01335069272901798	38	0.012666666666666666
(5.06, 5.12)	5.06	5.12	46	-1.0	1.2725	-0.01597085763437152	84	0.028
(5.12, 5.18)	5.12	5.18	56	-1.0	1.2875	-0.019216265344454746	140	0.04666666666666667
(5.18, 5.24)	5.18	5.24	47	-1.0	1.3025	-0.01594220258645868	187	0.06233333333333333
(5.24, 5.3)	5.24	5.3	42	-1.0	1.3175	-0.014084027493919585	229	0.07633333333333334
(5.3, 5.36)	5.3	5.36	44	-1.0	1.3325	-0.014588601336951808	273	0.091
(5.36, 5.42)	5.36	5.42	57	-1.0	1.3475000000000001	-0.018688492883198665	330	0.11
(5.42, 5.48)	5.42	5.48	44	-1.0	1.3625	-0.014267384426780431	374	0.12466666666666666
(5.48, 5.54)	5.48	5.54	44	-1.0	1.3775	-0.014112022708884585	418	0.13933333333333334
(5.54, 5.6)	5.54	5.6	54	-1.0	1.3925	-0.017132737215609335	472	0.15733333333333333
(5.6, 5.66)	5.6	5.66	40	-1.0	1.4075	-0.012555666902301473	512	0.17066666666666666
(5.66, 5.72)	5.66	5.72	49	-1.0	1.4224999999999999	-0.015218505396915528	561	0.187
(5.72, 5.78)	5.72	5.78	63	-1.0	1.4375	-0.019362476059031825	624	0.208
(5.78, 5.84)	5.78	5.84	50	-1.0	1.4525000000000001	-0.015208348678992782	674	0.22466666666666665
(5.84, 5.9)	5.84	5.9	51	-1.0	1.4675	-0.015353955015578456	725	0.24166666666666667
(5.9, 5.96)	5.9	5.96	58	-1.0	1.4825	-0.017284685793750327	783	0.261
(5.96, 6.02)	5.96	6.02	73	-1.0	1.4975	-0.021536951336297874	856	0.2853333333333333
(6.02, 6.08)	6.02	6.08	58	-1.0	1.5125	-0.016941849050733582	914	0.30466666666666664
(6.08, 6.14)	6.08	6.14	59	-1.0	1.5274999999999999	-0.017064713072575854	973	0.3243333333333333
(6.14, 6.2)	6.14	6.2	64	-1.0	1.5425	-0.018330866686536707	1037	0.3456666666666667
(6.2, 6.26)	6.2	6.26	60	-1.0	1.5575	-0.017019680094693124	1097	0.36566666666666664
(6.26, 6.32)	6.26	6.32	46	-1.0	1.5725	-0.012923953157225844	1143	0.381
(6.32, 6.38)	6.32	6.38	55	-1.0	1.5875	-0.015306544316132762	1198	0.3993333333333333
(6.38, 6.4399999999999995)	6.38	6.4399999999999995	54	-1.0	1.6025	-0.014887573524328297	1252	0.41733333333333333
(6.4399999999999995, 6.5)	6.4399999999999995	6.5	64	-1.0	1.6175	-0.017480903779896653	1316	0.43866666666666665
(6.5, 6.5600000000000005)	6.5	6.5600000000000005	57	-1.0	1.6325	-0.015425876974033567	1373	0.45766666666666667
(6.5600000000000005, 6.62)	6.5600000000000005	6.62	67	-1.0	1.6475	-0.01796708312677238	1440	0.48
(6.62, 6.68)	6.62	6.68	67	-1.0	1.6625	-0.017804974106079754	1507	0.5023333333333333
(6.68, 6.74)	6.68	6.74	75	-1.0	1.6775	-0.019752721123311494	1582	0.5273333333333333
(6.74, 6.8)	6.74	6.8	55	-1.0	1.6925	-0.014356950724880864	1637	0.5456666666666666
(6.8, 6.859999999999999)	6.8	6.859999999999999	57	-1.0	1.7075	-0.014748312831689724	1694	0.5646666666666667
(6.859999999999999, 6.92)	6.859999999999999	6.92	57	-1.0	1.7225	-0.014619880499337958	1751	0.5836666666666667
(6.92, 6.98)	6.92	6.98	63	-1.0	1.7375	-0.016019314725098325	1814	0.6046666666666667
(6.98, 7.04)	6.98	7.04	54	-1.0	1.7525	-0.013613316161332949	1868	0.6226666666666667
(7.04, 7.1)	7.04	7.1	71	-1.0	1.7675	-0.017747088864416644	1939	0.6463333333333333
(7.1, 7.16)	7.1	7.16	60	-1.0	1.7825	-0.014871333378672736	1999	0.6663333333333333
(7.16, 7.22)	7.16	7.22	56	-1.0	1.7974999999999999	-0.01376408435659821	2055	0.685
(7.22, 7.279999999999999)	7.22	7.279999999999999	74	-1.0	1.8125	-0.018037730844265337	2129	0.7096666666666667
(7.279999999999999, 7.34)	7.279999999999999	7.34	62	-1.0	1.8275	-0.01498864941490201	2191	0.7303333333333333
(7.34, 7.4)	7.34	7.4	69	-1.0	1.8425	-0.016545115066272265	2260	0.7533333333333333
(7.4, 7.46)	7.4	7.46	54	-1.0	1.8575	-0.012843788195281773	2314	0.7713333333333333
(7.46, 7.52)	7.46	7.52	76	-1.0	1.8725	-0.017931638031231104	2390	0.7966666666666666
(7.52, 7.58)	7.52	7.58	85	-1.0	1.8875	-0.019895743033431747	2475	0.825
(7.58, 7.64)	7.58	7.64	75	-1.0	1.9024999999999999	-0.01741665686431297	2550	0.85
(7.64, 7.699999999999999)	7.64	7.699999999999999	74	-1.0	1.9175	-0.017050006339103408	2624	0.8746666666666667
(7.699999999999999, 7.76)	7.699999999999999	7.76	71	-1.0	1.9324999999999999	-0.01623181348918818	2695	0.8983333333333333
(7.76, 7.82)	7.76	7.82	81	-1.0	1.9475	-0.018375355511734706	2776	0.9253333333333333
(7.82, 7.88)	7.82	7.88	64	-1.0	1.9625	-0.014407827701392812	2840	0.9466666666666667
(7.88, 7.9399999999999995)	7.88	7.9399999999999995	76	-1.0	1.9775	-0.01697951565789146	2916	0.972
(7.9399999999999995, 8.0)	7.9399999999999995	8.0	84	-1.0	1.9925	-0.018625552043401543	3000	1.0
