Intervalo	Inicio	Fin	Count	Q	u/R	Sigma	q_Comulate	q/Q
(0.0, 0.08)	0.0	0.08	40	1.0	0.01	4.9611889991239195	40	0.0002
(0.08, 0.16)	0.08	0.16	107	1.0	0.03	4.423726857552161	147	0.000735
(0.16, 0.24)	0.16	0.24	162	1.0	0.05	4.0185630892903745	309	0.001545
(0.24, 0.32)	0.24	0.32	203	1.0	0.07	3.596862024364841	512	0.00256
(0.32, 0.4)	0.32	0.4	294	1.0	0.09	4.051637682617867	806	0.00403
(0.4, 0.48)	0.4	0.48	337	1.0	0.11	3.7998197561471856	1143	0.005715
(0.48, 0.56)	0.48	0.56	382	1.0	0.13	3.6445657647410306	1525	0.007625
(0.56, 0.64)	0.56	0.64	495	1.0	0.15000000000000002	4.092980924277235	2020	0.0101
(0.64, 0.72)	0.64	0.72	576	1.0	0.16999999999999998	4.2024189169049695	2596	0.01298
(0.72, 0.8)	0.72	0.8	642	1.0	0.19	4.190899128207306	3238	0.01619
(0.8, 0.88)	0.8	0.88	706	1.0	0.21000000000000002	4.169761230216062	3944	0.01972
(0.88, 0.96)	0.88	0.96	779	1.0	0.22999999999999998	4.200832859040797	4723	0.023615
(0.96, 1.04)	0.96	1.04	779	1.0	0.25	3.8647662303175294	5502	0.02751
(1.04, 1.12)	1.04	1.12	862	1.0	0.27	3.959763812263719	6364	0.03182
(1.12, 1.2)	1.12	1.2	943	1.0	0.29000000000000004	4.033104505322295	7307	0.036535
(1.2, 1.28)	1.2	1.28	1068	1.0	0.31	4.273024073438986	8375	0.041875
(1.28, 1.36)	1.28	1.36	1114	1.0	0.33	4.186942837139424	9489	0.047445
(1.36, 1.44)	1.36	1.44	1247	1.0	0.35	4.419001915648243	10736	0.05368
(1.44, 1.52)	1.44	1.52	1247	1.0	0.37	4.180136947234813	11983	0.059915
(1.52, 1.6)	1.52	1.6	1356	1.0	0.39	4.312418130007707	13339	0.066695
(1.6, 1.68)	1.6	1.68	1501	1.0	0.41000000000000003	4.540697980295749	14840	0.0742
(1.68, 1.76)	1.68	1.76	1533	1.0	0.43	4.421803916079628	16373	0.081865
(1.76, 1.84)	1.76	1.84	1656	1.0	0.45	4.564293879194002	18029	0.090145
(1.84, 1.92)	1.84	1.92	1733	1.0	0.47	4.5732662422775325	19762	0.09881
(1.92, 2.0)	1.92	2.0	1847	1.0	0.49	4.675161266011162	21609	0.108045
(2.0, 2.08)	2.0	2.08	2083	1.0	0.51	5.065763080968191	23692	0.11846
(2.08, 2.16)	2.08	2.16	2095	1.0	0.53	4.9026844118701005	25787	0.128935
(2.16, 2.24)	2.16	2.24	2153	1.0	0.55	4.855199961415359	27940	0.1397
(2.24, 2.32)	2.24	2.32	2374	1.0	0.5700000000000001	5.16572924733343	30314	0.15157
(2.32, 2.4)	2.32	2.4	2427	1.0	0.59	5.102036313929554	32741	0.163705
(2.4, 2.48)	2.4	2.48	2610	1.0	0.61	5.3068456097186125	35351	0.176755
(2.48, 2.56)	2.48	2.56	2792	1.0	0.63	5.496682414902375	38143	0.190715
(2.56, 2.64)	2.56	2.64	2941	1.0	0.65	5.611868017855167	41084	0.20542
(2.64, 2.72)	2.64	2.72	3211	1.0	0.67	5.944170849323462	44295	0.221475
(2.72, 2.8000000000000003)	2.72	2.8000000000000003	3238	1.0	0.6900000000000001	5.8204094127403065	47533	0.237665
(2.8000000000000003, 2.88)	2.8000000000000003	2.88	3529	1.0	0.71	6.164801400671968	51062	0.25531
(2.88, 2.96)	2.88	2.96	3798	1.0	0.73	6.452943773518029	54860	0.2743
(2.96, 3.04)	2.96	3.04	4154	1.0	0.75	6.869593034120248	59014	0.29507
(3.04, 3.12)	3.04	3.12	4288	1.0	0.77	6.907005983195886	63302	0.31651
(3.12, 3.2)	3.12	3.2	4764	1.0	0.79	7.479463415134904	68066	0.34033
(3.2, 3.2800000000000002)	3.2	3.2800000000000002	5090	1.0	0.81	7.793966668376778	73156	0.36578
(3.2800000000000002, 3.36)	3.2800000000000002	3.36	5503	1.0	0.8300000000000001	8.223320199451539	78659	0.393295
(3.36, 3.44)	3.36	3.44	5952	1.0	0.85	8.684999094936924	84611	0.423055
(3.44, 3.52)	3.44	3.52	6754	1.0	0.87	9.628698419564053	91365	0.456825
(3.52, 3.6)	3.52	3.6	7532	1.0	0.89	10.496538073427326	98897	0.494485
(3.6, 3.68)	3.6	3.68	8462	1.0	0.91	11.533401458952369	107359	0.536795
(3.68, 3.7600000000000002)	3.68	3.7600000000000002	10133	1.0	0.93	13.513905410785622	117492	0.58746
(3.7600000000000002, 3.84)	3.7600000000000002	3.84	14335	1.0	0.95	18.71543271116888	131827	0.659135
(3.84, 3.92)	3.84	3.92	11140	1.0	0.97	14.24423851810323	142967	0.714835
(3.92, 4.0)	3.92	4.0	57033	1.0	0.99	71.45239701692776	200000	1.0
(5.0, 5.06)	5.0	5.06	38127	-1.0	1.2574999999999998	-50.140557447209744	38127	0.190635
(5.06, 5.12)	5.06	5.12	11075	-1.0	1.2725	-14.392971359606285	49202	0.24601
(5.12, 5.18)	5.12	5.18	7178	-1.0	1.2875	-9.219783724456125	56380	0.2819
(5.18, 5.24)	5.18	5.24	6589	-1.0	1.3025	-8.365777176001833	62969	0.314845
(5.24, 5.3)	5.24	5.3	5805	-1.0	1.3175	-7.286452154311067	68774	0.34387
(5.3, 5.36)	5.3	5.36	5321	-1.0	1.3325	-6.603749009215302	74095	0.370475
(5.36, 5.42)	5.36	5.42	4879	-1.0	1.3475000000000001	-5.987790012795493	78974	0.39487
(5.42, 5.48)	5.42	5.48	4312	-1.0	1.3625	-5.233675098280668	83286	0.41643
(5.48, 5.54)	5.48	5.54	4037	-1.0	1.3775	-4.846538412453319	87323	0.436615
(5.54, 5.6)	5.54	5.6	3766	-1.0	1.3925	-4.472492584249151	91089	0.455445
(5.6, 5.66)	5.6	5.66	3422	-1.0	1.4075	-4.02064860982875	94511	0.472555
(5.66, 5.72)	5.66	5.72	3279	-1.0	1.4224999999999999	-3.812006731840069	97790	0.48895
(5.72, 5.78)	5.72	5.78	3009	-1.0	1.4375	-3.461615698171309	100799	0.503995
(5.78, 5.84)	5.78	5.84	2936	-1.0	1.4525000000000001	-3.3427540795015327	103735	0.518675
(5.84, 5.9)	5.84	5.9	3014	-1.0	1.4675	-3.3964846435796363	106749	0.533745
(5.9, 5.96)	5.9	5.96	2785	-1.0	1.4825	-3.106669221486267	109534	0.54767
(5.96, 6.02)	5.96	6.02	2679	-1.0	1.4975	-2.9584920041520495	112213	0.561065
(6.02, 6.08)	6.02	6.08	2516	-1.0	1.5125	-2.7509314648585512	114729	0.573645
(6.08, 6.14)	6.08	6.14	2515	-1.0	1.5274999999999999	-2.7228347698410724	117244	0.58622
(6.14, 6.2)	6.14	6.2	2409	-1.0	1.5425	-2.5827129765293115	119653	0.598265
(6.2, 6.26)	6.2	6.26	2352	-1.0	1.5575	-2.4973176085477995	122005	0.610025
(6.26, 6.32)	6.26	6.32	2219	-1.0	1.5725	-2.333625519672672	124224	0.62112
(6.32, 6.38)	6.32	6.38	2280	-1.0	1.5875	-2.375120402730212	126504	0.63252
(6.38, 6.4399999999999995)	6.38	6.4399999999999995	2194	-1.0	1.6025	-2.2641390876917336	128698	0.64349
(6.4399999999999995, 6.5)	6.4399999999999995	6.5	2128	-1.0	1.6175	-2.175664129857923	130826	0.65413
(6.5, 6.5600000000000005)	6.5	6.5600000000000005	2173	-1.0	1.6325	-2.201258539070175	132999	0.664995
(6.5600000000000005, 6.62)	6.5600000000000005	6.62	2148	-1.0	1.6475	-2.1561221993157744	135147	0.675735
(6.62, 6.68)	6.62	6.68	2048	-1.0	1.6625	-2.037196004051299	137195	0.685975
(6.68, 6.74)	6.68	6.74	2036	-1.0	1.6775	-2.0071496874746586	139231	0.696155
(6.74, 6.8)	6.74	6.8	2099	-1.0	1.6925	-2.050917914162726	141330	0.70665
(6.8, 6.859999999999999)	6.8	6.859999999999999	2006	-1.0	1.7075	-1.9428296988272629	143336	0.71668
(6.859999999999999, 6.92)	6.859999999999999	6.92	1978	-1.0	1.7225	-1.8990288999065237	145314	0.72657
(6.92, 6.98)	6.92	6.98	2105	-1.0	1.7375	-2.0035113368164628	147419	0.737095
(6.98, 7.04)	6.98	7.04	2004	-1.0	1.7525	-1.891055207654667	149423	0.747115
(7.04, 7.1)	7.04	7.1	2057	-1.0	1.7675	-1.9245951477978172	151480	0.7574
(7.1, 7.16)	7.1	7.16	2102	-1.0	1.7825	-1.9501485322409438	153582	0.76791
(7.16, 7.22)	7.16	7.22	2155	-1.0	1.7974999999999999	-1.9826355666410842	155737	0.778685
(7.22, 7.279999999999999)	7.22	7.279999999999999	2139	-1.0	1.8125	-1.9516291069657348	157876	0.78938
(7.279999999999999, 7.34)	7.279999999999999	7.34	2227	-1.0	1.8275	-2.0152426632100053	160103	0.800515
(7.34, 7.4)	7.34	7.4	2211	-1.0	1.8425	-1.9844755996495536	162314	0.81157
(7.4, 7.46)	7.4	7.46	2245	-1.0	1.8575	-1.9987203773949285	164559	0.822795
(7.46, 7.52)	7.46	7.52	2387	-1.0	1.8725	-2.108118939191611	166946	0.83473
(7.52, 7.58)	7.52	7.58	2542	-1.0	1.8875	-2.227168642079103	169488	0.84744
(7.58, 7.64)	7.58	7.64	2572	-1.0	1.9024999999999999	-2.235686045684936	172060	0.8603
(7.64, 7.699999999999999)	7.64	7.699999999999999	2852	-1.0	1.9175	-2.4596803173405504	174912	0.87456
(7.699999999999999, 7.76)	7.699999999999999	7.76	3205	-1.0	1.9324999999999999	-2.7426667946859973	178117	0.890585
(7.76, 7.82)	7.76	7.82	3746	-1.0	1.9475	-3.180935214500301	181863	0.909315
(7.82, 7.88)	7.82	7.88	4639	-1.0	1.9625	-3.909121998630324	186502	0.93251
(7.88, 7.9399999999999995)	7.88	7.9399999999999995	6125	-1.0	1.9775	-5.1221715330188475	192627	0.963135
(7.9399999999999995, 8.0)	7.9399999999999995	8.0	7373	-1.0	1.9925	-6.1194222485220084	200000	1.0
