Intervalo	Inicio	Fin	Count	Q	u/R	Sigma	q_Comulate	q/Q
(0.0, 0.08)	0.0	0.08	66	1.0	0.01	4.098090763134009	66	0.000165
(0.08, 0.16)	0.08	0.16	179	1.0	0.03	3.704839629297917	245	0.0006125
(0.16, 0.24)	0.16	0.24	349	1.0	0.05	4.334041443435664	594	0.001485
(0.24, 0.32)	0.24	0.32	485	1.0	0.07	4.302108268657996	1079	0.0026975
(0.32, 0.4)	0.32	0.4	611	1.0	0.09	4.215376189014948	1690	0.004225
(0.4, 0.48)	0.4	0.48	717	1.0	0.11	4.047287985078631	2407	0.0060175
(0.48, 0.56)	0.48	0.56	883	1.0	0.13	4.217499002153063	3290	0.008225
(0.56, 0.64)	0.56	0.64	1028	1.0	0.15000000000000002	4.255391216668447	4318	0.010795
(0.64, 0.72)	0.64	0.72	1118	1.0	0.16999999999999998	4.083480813889327	5436	0.01359
(0.72, 0.8)	0.72	0.8	1297	1.0	0.19	4.238615406526956	6733	0.0168325
(0.8, 0.88)	0.8	0.88	1445	1.0	0.21000000000000002	4.272540514234236	8178	0.020445
(0.88, 0.96)	0.88	0.96	1545	1.0	0.22999999999999998	4.170981705561294	9723	0.0243075
(0.96, 1.04)	0.96	1.04	1780	1.0	0.25	4.420970641441532	11503	0.0287575
(1.04, 1.12)	1.04	1.12	1842	1.0	0.27	4.236073617111583	13345	0.0333625
(1.12, 1.2)	1.12	1.2	2122	1.0	0.29000000000000004	4.543442319420261	15467	0.0386675
(1.2, 1.28)	1.2	1.28	2180	1.0	0.31	4.366489669419421	17647	0.0441175
(1.28, 1.36)	1.28	1.36	2418	1.0	0.33	4.549671012515161	20065	0.0501625
(1.36, 1.44)	1.36	1.44	2486	1.0	0.35	4.410326249848991	22551	0.0563775
(1.44, 1.52)	1.44	1.52	2682	1.0	0.37	4.50085152609558	25233	0.0630825
(1.52, 1.6)	1.52	1.6	2828	1.0	0.39	4.502486665945204	28061	0.0701525
(1.6, 1.68)	1.6	1.68	3069	1.0	0.41000000000000003	4.647834645993465	31130	0.077825
(1.68, 1.76)	1.68	1.76	3268	1.0	0.43	4.719013606033096	34398	0.085995
(1.76, 1.84)	1.76	1.84	3425	1.0	0.45	4.725912748731976	37823	0.0945575
(1.84, 1.92)	1.84	1.92	3702	1.0	0.47	4.8907582221541315	41525	0.1038125
(1.92, 2.0)	1.92	2.0	3999	1.0	0.49	5.067490711741774	45524	0.11381
(2.0, 2.08)	2.0	2.08	4113	1.0	0.51	5.0075601036156145	49637	0.1240925
(2.08, 2.16)	2.08	2.16	4396	1.0	0.53	5.1501449384611515	54033	0.1350825
(2.16, 2.24)	2.16	2.24	4612	1.0	0.55	5.206720275364748	58645	0.1466125
(2.24, 2.32)	2.24	2.32	4780	1.0	0.5700000000000001	5.207037173785387	63425	0.1585625
(2.32, 2.4)	2.32	2.4	5108	1.0	0.59	5.37571844326875	68533	0.1713325
(2.4, 2.48)	2.4	2.48	5502	1.0	0.61	5.600520461689839	74035	0.1850875
(2.48, 2.56)	2.48	2.56	5777	1.0	0.63	5.6937639102032644	79812	0.19953
(2.56, 2.64)	2.56	2.64	6050	1.0	0.65	5.779358768522316	85862	0.214655
(2.64, 2.72)	2.64	2.72	6630	1.0	0.67	6.144355893165634	92492	0.23123
(2.72, 2.8000000000000003)	2.72	2.8000000000000003	7021	1.0	0.6900000000000001	6.31811489854279	99513	0.2487825
(2.8000000000000003, 2.88)	2.8000000000000003	2.88	7358	1.0	0.71	6.434859546551468	106871	0.2671775
(2.88, 2.96)	2.88	2.96	7936	1.0	0.73	6.750196823626297	114807	0.2870175
(2.96, 3.04)	2.96	3.04	8409	1.0	0.75	6.961786914584617	123216	0.30804
(3.04, 3.12)	3.04	3.12	8999	1.0	0.77	7.256733328894705	132215	0.3305375
(3.12, 3.2)	3.12	3.2	9774	1.0	0.79	7.682151729741411	141989	0.3549725
(3.2, 3.2800000000000002)	3.2	3.2800000000000002	10760	1.0	0.81	8.248308382215107	152749	0.3818725
(3.2800000000000002, 3.36)	3.2800000000000002	3.36	11455	1.0	0.8300000000000001	8.569483331818251	164204	0.41051
(3.36, 3.44)	3.36	3.44	12811	1.0	0.85	9.358402988682663	177015	0.4425375
(3.44, 3.52)	3.44	3.52	13892	1.0	0.87	9.91478176270595	190907	0.4772675
(3.52, 3.6)	3.52	3.6	15821	1.0	0.89	11.037775615175864	206728	0.51682
(3.6, 3.68)	3.6	3.68	18034	1.0	0.91	12.305189614112345	224762	0.561905
(3.68, 3.7600000000000002)	3.68	3.7600000000000002	21212	1.0	0.93	14.162382089866131	245974	0.614935
(3.7600000000000002, 3.84)	3.7600000000000002	3.84	28478	1.0	0.95	18.613306021137305	274452	0.68613
(3.84, 3.92)	3.84	3.92	26112	1.0	0.97	16.71498688018672	300564	0.75141
(3.92, 4.0)	3.92	4.0	99436	1.0	0.99	62.36574121870103	400000	1.0
(5.0, 5.06)	5.0	5.06	63359	-1.0	1.2574999999999998	-41.71350606043082	63359	0.15839789599474
(5.06, 5.12)	5.06	5.12	23103	-1.0	1.2725	-15.03096837144479	86462	0.21615554038885096
(5.12, 5.18)	5.12	5.18	15910	-1.0	1.2875	-10.230557856853995	102372	0.2559306398265996
(5.18, 5.24)	5.18	5.24	13770	-1.0	1.3025	-8.752509324857746	116142	0.29035572588931474
(5.24, 5.3)	5.24	5.3	12319	-1.0	1.3175	-7.741073752484711	128461	0.3211533028832572
(5.3, 5.36)	5.3	5.36	10744	-1.0	1.3325	-6.675367128563147	139205	0.3480133700334251
(5.36, 5.42)	5.36	5.42	9719	-1.0	1.3475000000000001	-5.971304005082322	148924	0.37231093077732696
(5.42, 5.48)	5.42	5.48	9121	-1.0	1.3625	-5.542201590294891	158045	0.39511348778371946
(5.48, 5.54)	5.48	5.54	8198	-1.0	1.3775	-4.927114788710736	166243	0.41560853902134753
(5.54, 5.6)	5.54	5.6	7601	-1.0	1.3925	-4.519099489049467	173844	0.4346110865277163
(5.6, 5.66)	5.6	5.66	7102	-1.0	1.4075	-4.177424777046122	180946	0.4523661309153273
(5.66, 5.72)	5.66	5.72	6811	-1.0	1.4224999999999999	-3.964012169172358	187757	0.4693936734841837
(5.72, 5.78)	5.72	5.78	6458	-1.0	1.4375	-3.719345826729099	194215	0.4855387138467846
(5.78, 5.84)	5.78	5.84	6222	-1.0	1.4525000000000001	-3.5464205884274738	200437	0.5010937527343818
(5.84, 5.9)	5.84	5.9	5958	-1.0	1.4675	-3.3612341151552583	206395	0.515988789971975
(5.9, 5.96)	5.9	5.96	5772	-1.0	1.4825	-3.2233539284663966	212167	0.5304188260470651
(5.96, 6.02)	5.96	6.02	5509	-1.0	1.4975	-3.045666280717752	217676	0.5441913604784012
(6.02, 6.08)	6.02	6.08	5263	-1.0	1.5125	-2.8808083060521392	222939	0.5573488933722335
(6.08, 6.14)	6.08	6.14	5247	-1.0	1.5274999999999999	-2.8438469452844974	228186	0.5704664261660655
(6.14, 6.2)	6.14	6.2	5085	-1.0	1.5425	-2.7292427065515716	233271	0.5831789579473948
(6.2, 6.26)	6.2	6.26	4882	-1.0	1.5575	-2.5950521725272586	238153	0.5953839884599712
(6.26, 6.32)	6.26	6.32	4885	-1.0	1.5725	-2.5718775517219084	243038	0.6075965189912975
(6.32, 6.38)	6.32	6.38	4761	-1.0	1.5875	-2.482909106597463	247799	0.6194990487476218
(6.38, 6.4399999999999995)	6.38	6.4399999999999995	4678	-1.0	1.6025	-2.4167879846756017	252477	0.631194077985195
(6.4399999999999995, 6.5)	6.4399999999999995	6.5	4620	-1.0	1.6175	-2.3646891575013056	257097	0.6427441068602672
(6.5, 6.5600000000000005)	6.5	6.5600000000000005	4559	-1.0	1.6325	-2.312026332436498	261656	0.6541416353540884
(6.5600000000000005, 6.62)	6.5600000000000005	6.62	4515	-1.0	1.6475	-2.2688652590303784	266171	0.6654291635729089
(6.62, 6.68)	6.62	6.68	4398	-1.0	1.6625	-2.1901302560964218	270569	0.6764241910604777
(6.68, 6.74)	6.68	6.74	4506	-1.0	1.6775	-2.2238476543294885	275075	0.687689219223048
(6.74, 6.8)	6.74	6.8	4381	-1.0	1.6925	-2.142993973208042	279456	0.6986417466043665
(6.8, 6.859999999999999)	6.8	6.859999999999999	4329	-1.0	1.7075	-2.098955577870329	283785	0.7094642736606841
(6.859999999999999, 6.92)	6.859999999999999	6.92	4392	-1.0	1.7225	-2.110957427005532	288177	0.7204443011107527
(6.92, 6.98)	6.92	6.98	4324	-1.0	1.7375	-2.060332180485882	292501	0.7312543281358204
(6.98, 7.04)	6.98	7.04	4454	-1.0	1.7525	-2.104110578999584	296955	0.74238935597339
(7.04, 7.1)	7.04	7.1	4429	-1.0	1.7675	-2.0745439103819603	301384	0.7534618836547091
(7.1, 7.16)	7.1	7.16	4647	-1.0	1.7825	-2.1583382522315646	306031	0.7650794126985317
(7.16, 7.22)	7.16	7.22	4672	-1.0	1.7974999999999999	-2.151841648233331	310703	0.7767594418986048
(7.22, 7.279999999999999)	7.22	7.279999999999999	4608	-1.0	1.8125	-2.104799970632864	315311	0.7882794706986768
(7.279999999999999, 7.34)	7.279999999999999	7.34	4635	-1.0	1.8275	-2.099755496096498	319946	0.7998669996674992
(7.34, 7.4)	7.34	7.4	4908	-1.0	1.8425	-2.2053292178733406	324854	0.8121370303425759
(7.4, 7.46)	7.4	7.46	5099	-1.0	1.8575	-2.2726500320807412	329953	0.8248845622114055
(7.46, 7.52)	7.46	7.52	5125	-1.0	1.8725	-2.2659400586437872	335078	0.8376970942427356
(7.52, 7.58)	7.52	7.58	5491	-1.0	1.8875	-2.408467871335201	340569	0.8514246285615714
(7.58, 7.64)	7.58	7.64	5777	-1.0	1.9024999999999999	-2.5139351824287837	346346	0.8658671646679117
(7.64, 7.699999999999999)	7.64	7.699999999999999	6218	-1.0	1.9175	-2.6846750019272196	352564	0.8814122035305089
(7.699999999999999, 7.76)	7.699999999999999	7.76	6739	-1.0	1.9324999999999999	-2.8870368526412826	359303	0.8982597456493642
(7.76, 7.82)	7.76	7.82	7755	-1.0	1.9475	-3.296709728152271	367058	0.9176472941182353
(7.82, 7.88)	7.82	7.88	8766	-1.0	1.9625	-3.698010796333577	375824	0.9395623489058723
(7.88, 7.9399999999999995)	7.88	7.9399999999999995	10739	-1.0	1.9775	-4.495973306291391	386563	0.9664099160247901
(7.9399999999999995, 8.0)	7.9399999999999995	8.0	13436	-1.0	1.9925	-5.582748183817398	399999	1.0
