Intervalo	Inicio	Fin	Count	Q	u/R	Sigma	q_Comulate	q/Q
(0.0, 0.08)	0.0	0.08	18	1.0	0.01	2.232535049605764	18	9e-05
(0.08, 0.16)	0.08	0.16	87	1.0	0.03	3.5968620243648415	105	0.000525
(0.16, 0.24)	0.16	0.24	155	1.0	0.05	3.8449214743210374	260	0.0013
(0.24, 0.32)	0.24	0.32	250	1.0	0.07	4.42963303493207	510	0.00255
(0.32, 0.4)	0.32	0.4	293	1.0	0.09	4.037856602064744	803	0.004015
(0.4, 0.48)	0.4	0.48	378	1.0	0.11	4.262112367429188	1181	0.005905
(0.48, 0.56)	0.48	0.56	424	1.0	0.13	4.04527718390104	1605	0.008025
(0.56, 0.64)	0.56	0.64	461	1.0	0.15000000000000002	3.8118468809935466	2066	0.01033
(0.64, 0.72)	0.64	0.72	602	1.0	0.16999999999999998	4.3921114374597074	2668	0.01334
(0.72, 0.8)	0.72	0.8	639	1.0	0.19	4.17131548742129	3307	0.016535
(0.8, 0.88)	0.8	0.88	678	1.0	0.21000000000000002	4.004388263578597	3985	0.019925
(0.88, 0.96)	0.88	0.96	759	1.0	0.22999999999999998	4.092980924277234	4744	0.02372
(0.96, 1.04)	0.96	1.04	871	1.0	0.25	4.3211956182369295	5615	0.028075
(1.04, 1.12)	1.04	1.12	869	1.0	0.27	3.99191966688767	6484	0.03242
(1.12, 1.2)	1.12	1.2	1049	1.0	0.29000000000000004	4.486454534552585	7533	0.037665
(1.2, 1.28)	1.2	1.28	1067	1.0	0.31	4.269023114568725	8600	0.043
(1.28, 1.36)	1.28	1.36	1138	1.0	0.33	4.277146273487131	9738	0.04869
(1.36, 1.44)	1.36	1.44	1209	1.0	0.35	4.284341071386308	10947	0.054735
(1.44, 1.52)	1.44	1.52	1309	1.0	0.37	4.387970540441356	12256	0.06128
(1.52, 1.6)	1.52	1.6	1387	1.0	0.39	4.411005860118502	13643	0.068215
(1.6, 1.68)	1.6	1.68	1510	1.0	0.41000000000000003	4.567924017486064	15153	0.075765
(1.68, 1.76)	1.68	1.76	1588	1.0	0.43	4.580446587563241	16741	0.083705
(1.76, 1.84)	1.76	1.84	1644	1.0	0.45	4.531219285866509	18385	0.091925
(1.84, 1.92)	1.84	1.92	1803	1.0	0.47	4.7579913645853384	20188	0.10094
(1.92, 2.0)	1.92	2.0	1972	1.0	0.49	4.9915636256491664	22160	0.1108
(2.0, 2.08)	2.0	2.08	2019	1.0	0.51	4.910117935897637	24179	0.120895
(2.08, 2.16)	2.08	2.16	2066	1.0	0.53	4.83481909065567	26245	0.131225
(2.16, 2.24)	2.16	2.24	2233	1.0	0.55	5.035606834110774	28478	0.14239
(2.24, 2.32)	2.24	2.32	2379	1.0	0.5700000000000001	5.176609047770106	30857	0.154285
(2.32, 2.4)	2.32	2.4	2474	1.0	0.59	5.200839654166344	33331	0.166655
(2.4, 2.48)	2.4	2.48	2747	1.0	0.61	5.58540417237434	36078	0.18039
(2.48, 2.56)	2.48	2.56	2851	1.0	0.63	5.612837236707261	38929	0.194645
(2.56, 2.64)	2.56	2.64	2898	1.0	0.65	5.529817584408118	41827	0.209135
(2.64, 2.72)	2.64	2.72	3225	1.0	0.67	5.970087508274109	45052	0.22526
(2.72, 2.8000000000000003)	2.72	2.8000000000000003	3328	1.0	0.6900000000000001	5.982187314885651	48380	0.2419
(2.8000000000000003, 2.88)	2.8000000000000003	2.88	3709	1.0	0.71	6.479242956954472	52089	0.260445
(2.88, 2.96)	2.88	2.96	3898	1.0	0.73	6.622847506364739	55987	0.279935
(2.96, 3.04)	2.96	3.04	4118	1.0	0.75	6.810058766130762	60105	0.300525
(3.04, 3.12)	3.04	3.12	4371	1.0	0.77	7.040700362068382	64476	0.32238
(3.12, 3.2)	3.12	3.2	4691	1.0	0.79	7.364853669269067	69167	0.345835
(3.2, 3.2800000000000002)	3.2	3.2800000000000002	5236	1.0	0.81	8.017526419571869	74403	0.372015
(3.2800000000000002, 3.36)	3.2800000000000002	3.36	5663	1.0	0.8300000000000001	8.462413645192452	80066	0.40033
(3.36, 3.44)	3.36	3.44	6138	1.0	0.85	8.956405316653703	86204	0.43102
(3.44, 3.52)	3.44	3.52	6821	1.0	0.87	9.724215564087414	93025	0.465125
(3.52, 3.6)	3.52	3.6	7634	1.0	0.89	10.638684499806718	100659	0.503295
(3.6, 3.68)	3.6	3.68	8603	1.0	0.91	11.725579384467883	109262	0.54631
(3.68, 3.7600000000000002)	3.68	3.7600000000000002	10302	1.0	0.93	13.739292760477003	119564	0.59782
(3.7600000000000002, 3.84)	3.7600000000000002	3.84	14269	1.0	0.95	18.62926469171041	133833	0.669165
(3.84, 3.92)	3.84	3.92	11714	1.0	0.97	14.978187612303525	145547	0.727735
(3.92, 4.0)	3.92	4.0	54453	1.0	0.99	68.22010721446826	200000	1.0
(5.0, 5.06)	5.0	5.06	27940	-1.0	1.2574999999999998	-36.743703283107514	27940	0.1397
(5.06, 5.12)	5.06	5.12	11717	-1.0	1.2725	-15.227308841580754	39657	0.198285
(5.12, 5.18)	5.12	5.18	8166	-1.0	1.2875	-10.48882054805081	47823	0.239115
(5.18, 5.24)	5.18	5.24	7219	-1.0	1.3025	-9.165661774708944	55042	0.27521
(5.24, 5.3)	5.24	5.3	6235	-1.0	1.3175	-7.826189350926701	61277	0.306385
(5.3, 5.36)	5.3	5.36	5530	-1.0	1.3325	-6.863133249569746	66807	0.334035
(5.36, 5.42)	5.36	5.42	4952	-1.0	1.3475000000000001	-6.077379820324508	71759	0.358795
(5.42, 5.48)	5.42	5.48	4570	-1.0	1.3625	-5.546821706665735	76329	0.381645
(5.48, 5.54)	5.48	5.54	4228	-1.0	1.3775	-5.07583958579456	80557	0.402785
(5.54, 5.6)	5.54	5.6	3920	-1.0	1.3925	-4.655382615575324	84477	0.422385
(5.6, 5.66)	5.6	5.66	3636	-1.0	1.4075	-4.272086015586596	88113	0.440565
(5.66, 5.72)	5.66	5.72	3491	-1.0	1.4224999999999999	-4.058467673331406	91604	0.45802
(5.72, 5.78)	5.72	5.78	3339	-1.0	1.4375	-3.8412545085390493	94943	0.474715
(5.78, 5.84)	5.78	5.84	3134	-1.0	1.4525000000000001	-3.56818504262868	98077	0.490385
(5.84, 5.9)	5.84	5.9	3049	-1.0	1.4675	-3.435926236985505	101126	0.50563
(5.9, 5.96)	5.9	5.96	3028	-1.0	1.4825	-3.3777358716913524	104154	0.52077
(5.96, 6.02)	5.96	6.02	2863	-1.0	1.4975	-3.1616881701707045	107017	0.535085
(6.02, 6.08)	6.02	6.08	2743	-1.0	1.5125	-2.9991275866879996	109760	0.5488
(6.08, 6.14)	6.08	6.14	2709	-1.0	1.5274999999999999	-2.9328665572562493	112469	0.562345
(6.14, 6.2)	6.14	6.2	2642	-1.0	1.5425	-2.832514605226418	115111	0.575555
(6.2, 6.26)	6.2	6.26	2606	-1.0	1.5575	-2.767010921715802	117717	0.588585
(6.26, 6.32)	6.26	6.32	2514	-1.0	1.5725	-2.6438641534281646	120231	0.601155
(6.32, 6.38)	6.32	6.38	2487	-1.0	1.5875	-2.590756334030718	122718	0.61359
(6.38, 6.4399999999999995)	6.38	6.4399999999999995	2398	-1.0	1.6025	-2.4746606801662616	125116	0.62558
(6.4399999999999995, 6.5)	6.4399999999999995	6.5	2434	-1.0	1.6175	-2.488518088380726	127550	0.63775
(6.5, 6.5600000000000005)	6.5	6.5600000000000005	2326	-1.0	1.6325	-2.3562482107120233	129876	0.64938
(6.5600000000000005, 6.62)	6.5600000000000005	6.62	2230	-1.0	1.6475	-2.2384322646527828	132106	0.66053
(6.62, 6.68)	6.62	6.68	2404	-1.0	1.6625	-2.3913179656930286	134510	0.67255
(6.68, 6.74)	6.68	6.74	2337	-1.0	1.6775	-2.3038844890119243	136847	0.684235
(6.74, 6.8)	6.74	6.8	2391	-1.0	1.6925	-2.3362290294250014	139238	0.69619
(6.8, 6.859999999999999)	6.8	6.859999999999999	2351	-1.0	1.7075	-2.2769654147272655	141589	0.707945
(6.859999999999999, 6.92)	6.859999999999999	6.92	2185	-1.0	1.7225	-2.0977644824548807	143774	0.71887
(6.92, 6.98)	6.92	6.98	2296	-1.0	1.7375	-2.1853026267603792	146070	0.73035
(6.98, 7.04)	6.98	7.04	2275	-1.0	1.7525	-2.1467817352367105	148345	0.741725
(7.04, 7.1)	7.04	7.1	2384	-1.0	1.7675	-2.2305468314778785	150729	0.753645
(7.1, 7.16)	7.1	7.16	2409	-1.0	1.7825	-2.2349704158746118	153138	0.76569
(7.16, 7.22)	7.16	7.22	2410	-1.0	1.7974999999999999	-2.217239775222744	155548	0.77774
(7.22, 7.279999999999999)	7.22	7.279999999999999	2512	-1.0	1.8125	-2.2919552672734578	158060	0.7903
(7.279999999999999, 7.34)	7.279999999999999	7.34	2400	-1.0	1.8275	-2.1717927219146893	160460	0.8023
(7.34, 7.4)	7.34	7.4	2514	-1.0	1.8425	-2.2564322286381624	162974	0.81487
(7.4, 7.46)	7.4	7.46	2639	-1.0	1.8575	-2.349498029374261	165613	0.828065
(7.46, 7.52)	7.46	7.52	2691	-1.0	1.8725	-2.3766016193400183	168304	0.84152
(7.52, 7.58)	7.52	7.58	2815	-1.0	1.8875	-2.4663570918381885	171119	0.855595
(7.58, 7.64)	7.58	7.64	2999	-1.0	1.9024999999999999	-2.6068516528029253	174118	0.87059
(7.64, 7.699999999999999)	7.64	7.699999999999999	3226	-1.0	1.9175	-2.7822330658277057	177344	0.88672
(7.699999999999999, 7.76)	7.699999999999999	7.76	3512	-1.0	1.9324999999999999	-3.0053808995123936	180856	0.90428
(7.76, 7.82)	7.76	7.82	3803	-1.0	1.9475	-3.2293370583941923	184659	0.923295
(7.82, 7.88)	7.82	7.88	4325	-1.0	1.9625	-3.64452525201038	188984	0.94492
(7.88, 7.9399999999999995)	7.88	7.9399999999999995	5091	-1.0	1.9775	-4.257465350954931	194075	0.970375
(7.9399999999999995, 8.0)	7.9399999999999995	8.0	5925	-1.0	1.9925	-4.917615193610865	200000	1.0
