Intervalo	Inicio	Fin	Count	Q	u/R	Sigma	q_Comulate	q/Q
(0.0, 0.08)	0.0	0.08	25	1.0	0.01	1243.3979929054324	25	0.0001661140605585419
(0.08, 0.16)	0.08	0.16	96	1.0	0.03	1591.5494309189532	121	0.0008039920531033429
(0.16, 0.24)	0.16	0.24	147	1.0	0.05	1462.2360396567883	268	0.0017807427291875694
(0.24, 0.32)	0.24	0.32	192	1.0	0.07	1364.1852265019597	460	0.003056498714277171
(0.32, 0.4)	0.32	0.4	260	1.0	0.09	1436.815458468499	720	0.004784084944086007
(0.4, 0.48)	0.4	0.48	298	1.0	0.11	1347.3912795847964	1018	0.006764164545943827
(0.48, 0.56)	0.48	0.56	368	1.0	0.13	1407.9091119667655	1386	0.009209363517365564
(0.56, 0.64)	0.56	0.64	444	1.0	0.15000000000000002	1472.1832236000325	1830	0.012159549232885269
(0.64, 0.72)	0.64	0.72	488	1.0	0.16999999999999998	1427.713460089062	2318	0.015402095694988006
(0.72, 0.8)	0.72	0.8	550	1.0	0.19	1439.7239917852357	2868	0.01905660502727593
(0.8, 0.88)	0.8	0.88	643	1.0	0.21000000000000002	1522.8664941679883	3511	0.023329058664841626
(0.88, 0.96)	0.88	0.96	691	1.0	0.22999999999999998	1494.2400227785283	4202	0.027920451298679726
(0.96, 1.04)	0.96	1.04	746	1.0	0.25	1484.1198443319226	4948	0.032877294865746615
(1.04, 1.12)	1.04	1.12	794	1.0	0.27	1462.6044538769079	5742	0.038153077429085906
(1.12, 1.2)	1.12	1.2	866	1.0	0.29000000000000004	1485.2174646291114	6608	0.0439072684868338
(1.2, 1.28)	1.2	1.28	964	1.0	0.31	1546.6266647236594	7572	0.05031262666197118
(1.28, 1.36)	1.28	1.36	1003	1.0	0.33	1511.6705295565419	8575	0.056977122771579874
(1.36, 1.44)	1.36	1.44	1054	1.0	0.35	1497.7616965969469	9629	0.063980491564728
(1.44, 1.52)	1.44	1.52	1157	1.0	0.37	1555.2556516665777	10786	0.07166825028737732
(1.52, 1.6)	1.52	1.6	1221	1.0	0.39	1557.1168711154155	12007	0.07978126100505652
(1.6, 1.68)	1.6	1.68	1280	1.0	0.41000000000000003	1552.7311521160575	13287	0.08828630090565386
(1.68, 1.76)	1.68	1.76	1418	1.0	0.43	1640.1287013394428	14705	0.09770829042053436
(1.76, 1.84)	1.76	1.84	1392	1.0	0.45	1538.4977832216537	16097	0.10695752131243397
(1.84, 1.92)	1.84	1.92	1549	1.0	0.47	1639.1689285195885	17646	0.11724994850464122
(1.92, 2.0)	1.92	2.0	1590	1.0	0.49	1613.8798438527647	19236	0.1278148027561645
(2.0, 2.08)	2.0	2.08	1665	1.0	0.51	1623.73149661768	20901	0.1388779991893634
(2.08, 2.16)	2.08	2.16	1765	1.0	0.53	1656.2999679079912	22666	0.15060565186479644
(2.16, 2.24)	2.16	2.24	1852	1.0	0.55	1674.7440602624426	24518	0.16291138147097323
(2.24, 2.32)	2.24	2.32	1968	1.0	0.5700000000000001	1717.198070202034	26486	0.17598788031814164
(2.32, 2.4)	2.32	2.4	2146	1.0	0.59	1809.0387069661401	28632	0.19024711127648689
(2.4, 2.48)	2.4	2.48	2201	1.0	0.61	1794.5698245146577	30833	0.20487179316806092
(2.48, 2.56)	2.48	2.56	2373	1.0	0.63	1873.3863093108514	33206	0.22063933979627773
(2.56, 2.64)	2.56	2.64	2451	1.0	0.65	1875.4267572992076	35657	0.23692516229343716
(2.64, 2.72)	2.64	2.72	2559	1.0	0.67	1899.6152022955198	38216	0.25392859753220953
(2.72, 2.8000000000000003)	2.72	2.8000000000000003	2633	1.0	0.6900000000000001	1897.8938639536243	40849	0.27142373039023515
(2.8000000000000003, 2.88)	2.8000000000000003	2.88	2855	1.0	0.71	1999.9443773211412	43704	0.29039395610602065
(2.88, 2.96)	2.88	2.96	3127	1.0	0.73	2130.4687801727596	46831	0.31117150280068306
(2.96, 3.04)	2.96	3.04	3302	1.0	0.75	2189.7067587059914	50133	0.3331118479192553
(3.04, 3.12)	3.04	3.12	3384	1.0	0.77	2185.796783372455	53517	0.3555970471564595
(3.12, 3.2)	3.12	3.2	3705	1.0	0.79	2332.5516778301853	57222	0.3802151509312354
(3.2, 3.2800000000000002)	3.2	3.2800000000000002	3973	1.0	0.81	2439.5161608954495	61195	0.4066139974351989
(3.2800000000000002, 3.36)	3.2800000000000002	3.36	4257	1.0	0.8300000000000001	2550.9133762884144	65452	0.4348998996671074
(3.36, 3.44)	3.36	3.44	4636	1.0	0.85	2712.6555741692137	70088	0.46570409105708344
(3.44, 3.52)	3.44	3.52	5028	1.0	0.87	2874.393153254485	75116	0.4991129509166174
(3.52, 3.6)	3.52	3.6	5587	1.0	0.89	3122.1863309494993	80703	0.5362361211702403
(3.6, 3.68)	3.6	3.68	6004	1.0	0.91	3281.4776041337223	86707	0.5761300739539797
(3.68, 3.7600000000000002)	3.68	3.7600000000000002	7475	1.0	0.93	3997.591396545409	94182	0.6257981780609838
(3.7600000000000002, 3.84)	3.7600000000000002	3.84	9519	1.0	0.95	4983.539155564998	103701	0.6890477677592542
(3.84, 3.92)	3.84	3.92	7137	1.0	0.97	3659.4356599447765	110838	0.7364700097675068
(3.92, 4.0)	3.92	4.0	39661	1.0	0.99	19925.013251160508	150499	1.0
(5.0, 5.06)	5.0	5.06	3836	-0.1	1.2574999999999998	-202.29236636862626	3836	0.025488372093023254
(5.06, 5.12)	5.06	5.12	3522	-0.1	1.2725	-183.54410922385435	7358	0.04889036544850498
(5.12, 5.18)	5.12	5.18	3404	-0.1	1.2875	-175.32796967146155	10762	0.07150830564784053
(5.18, 5.24)	5.18	5.24	3423	-0.1	1.3025	-174.27619008430966	14185	0.09425249169435215
(5.24, 5.3)	5.24	5.3	3375	-0.1	1.3175	-169.87600662085686	17560	0.11667774086378738
(5.3, 5.36)	5.3	5.36	3266	-0.1	1.3325	-162.53910073112135	20826	0.13837873754152824
(5.36, 5.42)	5.36	5.42	3248	-0.1	1.3475000000000001	-159.84392552952374	24074	0.15996013289036545
(5.42, 5.48)	5.42	5.48	3250	-0.1	1.3625	-158.18151836350373	27324	0.18155481727574752
(5.48, 5.54)	5.48	5.54	3222	-0.1	1.3775	-155.11107883910734	30546	0.20296345514950165
(5.54, 5.6)	5.54	5.6	3134	-0.1	1.3925	-149.24942897965408	33680	0.2237873754152824
(5.6, 5.66)	5.6	5.66	3085	-0.1	1.4075	-145.35020705698417	36765	0.24428571428571427
(5.66, 5.72)	5.66	5.72	3231	-0.1	1.4224999999999999	-150.62379060630315	39996	0.2657541528239203
(5.72, 5.78)	5.72	5.78	3054	-0.1	1.4375	-140.88672353699855	43050	0.28604651162790695
(5.78, 5.84)	5.78	5.84	3098	-0.1	1.4525000000000001	-141.44062355097395	46148	0.3066312292358804
(5.84, 5.9)	5.84	5.9	3079	-0.1	1.4675	-139.1363060136119	49227	0.3270897009966777
(5.9, 5.96)	5.9	5.96	3009	-0.1	1.4825	-134.59730853387157	52236	0.3470830564784053
(5.96, 6.02)	5.96	6.02	2980	-0.1	1.4975	-131.9648665592242	55216	0.3668837209302326
(6.02, 6.08)	6.02	6.08	2892	-0.1	1.5125	-126.7978224302362	58108	0.3860996677740864
(6.08, 6.14)	6.08	6.14	2933	-0.1	1.5274999999999999	-127.33263723091414	61041	0.4055880398671096
(6.14, 6.2)	6.14	6.2	2963	-0.1	1.5425	-127.38414272860095	64004	0.42527574750830566
(6.2, 6.26)	6.2	6.26	2931	-0.1	1.5575	-124.79484703112644	66935	0.44475083056478404
(6.26, 6.32)	6.26	6.32	2960	-0.1	1.5725	-124.8274063465829	69895	0.4644186046511628
(6.32, 6.38)	6.32	6.38	3021	-0.1	1.5875	-126.19608479806301	72916	0.48449169435215944
(6.38, 6.4399999999999995)	6.38	6.4399999999999995	2935	-0.1	1.6025	-121.45599531323931	75851	0.5039933554817275
(6.4399999999999995, 6.5)	6.4399999999999995	6.5	2887	-0.1	1.6175	-118.36175185633597	78738	0.5231760797342193
(6.5, 6.5600000000000005)	6.5	6.5600000000000005	2875	-0.1	1.6325	-116.78674359091247	81613	0.5422790697674419
(6.5600000000000005, 6.62)	6.5600000000000005	6.62	2929	-0.1	1.6475	-117.89702284172057	84542	0.5617408637873754
(6.62, 6.68)	6.62	6.68	2895	-0.1	1.6625	-115.47708276968422	87437	0.5809767441860465
(6.68, 6.74)	6.68	6.74	2863	-0.1	1.6775	-113.17948387284967	90300	0.6
(6.74, 6.8)	6.74	6.8	2812	-0.1	1.6925	-110.17816345997426	93112	0.6186843853820598
(6.8, 6.859999999999999)	6.8	6.859999999999999	2878	-0.1	1.7075	-111.77353006795464	95990	0.6378073089700996
(6.859999999999999, 6.92)	6.859999999999999	6.92	2835	-0.1	1.7225	-109.14471786780751	98825	0.6566445182724252
(6.92, 6.98)	6.92	6.98	2840	-0.1	1.7375	-108.39329457577485	101665	0.675514950166113
(6.98, 7.04)	6.98	7.04	2890	-0.1	1.7525	-109.35753341311961	104555	0.694717607973422
(7.04, 7.1)	7.04	7.1	2898	-0.1	1.7675	-108.72961458753271	107453	0.7139734219269103
(7.1, 7.16)	7.1	7.16	2824	-0.1	1.7825	-105.06160806253182	110277	0.7327375415282392
(7.16, 7.22)	7.16	7.22	2894	-0.1	1.7974999999999999	-106.76736330735864	113171	0.7519667774086378
(7.22, 7.279999999999999)	7.22	7.279999999999999	2863	-0.1	1.8125	-104.74956369473597	116034	0.7709900332225914
(7.279999999999999, 7.34)	7.279999999999999	7.34	2801	-0.1	1.8275	-101.63998987697087	118835	0.7896013289036545
(7.34, 7.4)	7.34	7.4	2833	-0.1	1.8425	-101.96425910885034	121668	0.8084252491694353
(7.4, 7.46)	7.4	7.46	2879	-0.1	1.8575	-102.78310479173808	124547	0.8275548172757475
(7.46, 7.52)	7.46	7.52	2892	-0.1	1.8725	-102.42013694298271	127439	0.8467707641196013
(7.52, 7.58)	7.52	7.58	2937	-0.1	1.8875	-103.18721144832088	130376	0.8662857142857143
(7.58, 7.64)	7.58	7.64	2786	-0.1	1.9024999999999999	-97.11030912265052	133162	0.884797342192691
(7.64, 7.699999999999999)	7.64	7.699999999999999	2915	-0.1	1.9175	-100.81196417055153	136077	0.9041661129568106
(7.699999999999999, 7.76)	7.699999999999999	7.76	2856	-0.1	1.9324999999999999	-98.00485499578492	138933	0.9231428571428572
(7.76, 7.82)	7.76	7.82	2847	-0.1	1.9475	-96.94354364198145	141780	0.9420598006644518
(7.82, 7.88)	7.82	7.88	2794	-0.1	1.9625	-94.41165838614839	144574	0.9606245847176079
(7.88, 7.9399999999999995)	7.88	7.9399999999999995	2911	-0.1	1.9775	-97.61905590824105	147485	0.9799667774086379
(7.9399999999999995, 8.0)	7.9399999999999995	8.0	3015	-0.1	1.9925	-100.34549423296944	150500	1.0
