Intervalo	Inicio	Fin	Count	Q	u/R	Sigma	q_Comulate	q/Q
(0.0, 0.008)	0.0	0.008	22	1.0	0.01	109419.02337567805	22	0.000275
(0.008, 0.016)	0.008	0.016	71	1.0	0.03	117708.34332838093	93	0.0011625
(0.016, 0.024)	0.016	0.024	128	1.0	0.049999999999999996	127323.95447351626	221	0.0027625
(0.024, 0.032)	0.024	0.032	182	1.0	0.06999999999999999	129313.39126216498	403	0.0050375
(0.032, 0.04)	0.032	0.04	240	1.0	0.09000000000000001	132629.1192432461	643	0.0080375
(0.04, 0.048)	0.04	0.048	288	1.0	0.10999999999999999	130217.68071155074	931	0.0116375
(0.048, 0.056)	0.048	0.056	349	1.0	0.13	133521.81523815254	1280	0.016
(0.056, 0.064)	0.056	0.064	395	1.0	0.15	130971.25525270561	1675	0.0209375
(0.064, 0.07200000000000001)	0.064	0.07200000000000001	423	1.0	0.17	123754.67082329348	2098	0.026225
(0.07200000000000001, 0.08)	0.07200000000000001	0.08	511	1.0	0.19000000000000003	133763.44723677397	2609	0.0326125
(0.08, 0.088)	0.08	0.088	549	1.0	0.20999999999999996	130023.90440096818	3158	0.039475
(0.088, 0.096)	0.088	0.096	680	1.0	0.22999999999999998	147045.32785664234	3838	0.047975
(0.096, 0.10400000000000001)	0.096	0.10400000000000001	684	1.0	0.25	136077.4763435703	4522	0.056525
(0.10400000000000001, 0.112)	0.10400000000000001	0.112	776	1.0	0.27	142944.71740660982	5298	0.066225
(0.112, 0.12)	0.112	0.12	828	1.0	0.29	142004.62594837227	6126	0.076575
(0.12, 0.128)	0.12	0.128	918	1.0	0.31	147282.4977402822	7044	0.08805
(0.128, 0.136)	0.128	0.136	970	1.0	0.33	146193.46098403246	8014	0.100175
(0.136, 0.14400000000000002)	0.136	0.14400000000000002	999	1.0	0.35000000000000003	141960.52513286006	9013	0.1126625
(0.14400000000000002, 0.152)	0.14400000000000002	0.152	1026	1.0	0.37000000000000005	137916.36115902447	10039	0.1254875
(0.152, 0.16)	0.152	0.16	1084	1.0	0.38999999999999996	138240.3512112295	11123	0.1390375
(0.16, 0.168)	0.16	0.168	1103	1.0	0.41	133801.75474875036	12226	0.152825
(0.168, 0.176)	0.168	0.176	1260	1.0	0.42999999999999994	145737.81126147424	13486	0.168575
(0.176, 0.184)	0.176	0.184	1300	1.0	0.44999999999999996	143681.54584684994	14786	0.184825
(0.184, 0.192)	0.184	0.192	1311	1.0	0.47	138731.46967651232	16097	0.2012125
(0.192, 0.2)	0.192	0.2	1520	1.0	0.49	154282.85299724515	17617	0.2202125
(0.2, 0.20800000000000002)	0.2	0.20800000000000002	1508	1.0	0.51	147062.28810206984	19125	0.2390625
(0.20800000000000002, 0.216)	0.20800000000000002	0.216	1491	1.0	0.53	139917.46471109492	20616	0.2577
(0.216, 0.224)	0.216	0.224	1710	1.0	0.5499999999999999	154633.4958449661	22326	0.279075
(0.224, 0.232)	0.224	0.232	1768	1.0	0.57	154268.6071197758	24094	0.301175
(0.232, 0.24)	0.232	0.24	1815	1.0	0.59	153001.1767541263	25909	0.3238625
(0.24, 0.248)	0.24	0.248	2025	1.0	0.61	165106.94659891815	27934	0.349175
(0.248, 0.256)	0.248	0.256	2007	1.0	0.63	158444.4299530922	29941	0.3742625
(0.256, 0.264)	0.256	0.264	2132	1.0	0.65	163133.8166691923	32073	0.4009125
(0.264, 0.272)	0.264	0.272	2203	1.0	0.67	163534.67333556223	34276	0.42845
(0.272, 0.28)	0.272	0.28	2244	1.0	0.6900000000000001	161749.86064230656	36520	0.4565
(0.28, 0.28800000000000003)	0.28	0.28800000000000003	2353	1.0	0.7100000000000001	164829.04097501285	38873	0.4859125
(0.28800000000000003, 0.296)	0.28800000000000003	0.296	2395	1.0	0.7300000000000001	163174.69550731676	41268	0.51585
(0.296, 0.304)	0.296	0.304	2552	1.0	0.7499999999999999	169234.7561543816	43820	0.54775
(0.304, 0.312)	0.304	0.312	2677	1.0	0.7699999999999999	172913.0611432645	46497	0.5812125
(0.312, 0.32)	0.312	0.32	2609	1.0	0.7899999999999999	164254.44878431747	49106	0.613825
(0.32, 0.328)	0.32	0.328	2753	1.0	0.8099999999999999	169040.7246651185	51859	0.6482375
(0.328, 0.336)	0.328	0.336	2870	1.0	0.83	171978.42118740204	54729	0.6841125
(0.336, 0.34400000000000003)	0.336	0.34400000000000003	2892	1.0	0.85	169219.1527285883	57621	0.7202625
(0.34400000000000003, 0.352)	0.34400000000000003	0.352	2947	1.0	0.8699999999999999	168473.28207321075	60568	0.7571
(0.352, 0.36)	0.352	0.36	3092	1.0	0.8899999999999999	172790.40872195922	63660	0.79575
(0.36, 0.368)	0.36	0.368	3158	1.0	0.9099999999999999	172600.03787232345	66818	0.835225
(0.368, 0.376)	0.368	0.376	3372	1.0	0.9299999999999999	180332.81858396166	70190	0.877375
(0.376, 0.384)	0.376	0.384	3422	1.0	0.95	179154.01817778478	73612	0.92015
(0.384, 0.392)	0.384	0.392	3293	1.0	0.97	168845.7563149516	76905	0.9613125
(0.392, 0.4)	0.392	0.4	3095	1.0	0.99	155487.5469916084	80000	1.0
(0.5, 0.506)	0.5	0.506	1770	-1.0	1.2574999999999998	-93341.3682149289	1770	0.022125
(0.506, 0.512)	0.506	0.512	1872	-1.0	1.2725	-97556.66452784151	3642	0.045525
(0.512, 0.518)	0.512	0.518	1716	-1.0	1.2874999999999999	-88385.07519278045	5358	0.066975
(0.518, 0.524)	0.518	0.524	1799	-1.0	1.3025	-91593.00787662128	7157	0.0894625
(0.524, 0.53)	0.524	0.53	1705	-1.0	1.3175	-85818.84186327695	8862	0.110775
(0.53, 0.536)	0.53	0.536	1728	-1.0	1.3325	-85997.4176556581	10590	0.132375
(0.536, 0.542)	0.536	0.542	1796	-1.0	1.3475	-88386.60414132504	12386	0.154825
(0.542, 0.548)	0.542	0.548	1710	-1.0	1.3625	-83227.81427741257	14096	0.1762
(0.548, 0.554)	0.548	0.554	1693	-1.0	1.3775	-81503.12119013265	15789	0.1973625
(0.554, 0.56)	0.554	0.56	1667	-1.0	1.3925	-79386.98088994338	17456	0.2182
(0.56, 0.5660000000000001)	0.56	0.5660000000000001	1653	-1.0	1.4075	-77881.32650411529	19109	0.2388625
(0.5660000000000001, 0.5720000000000001)	0.5660000000000001	0.5720000000000001	1628	-1.0	1.4225	-75894.62429806842	20737	0.2592125
(0.5720000000000001, 0.5780000000000001)	0.5720000000000001	0.5780000000000001	1602	-1.0	1.4375	-73903.25183571469	22339	0.2792375
(0.5780000000000001, 0.5840000000000001)	0.5780000000000001	0.5840000000000001	1666	-1.0	1.4525000000000001	-76062.00091540403	24005	0.3000625
(0.5840000000000001, 0.59)	0.5840000000000001	0.59	1551	-1.0	1.4674999999999998	-70087.82417249681	25556	0.31945
(0.59, 0.596)	0.59	0.596	1586	-1.0	1.4825	-70944.27761207015	27142	0.339275
(0.596, 0.602)	0.596	0.602	1653	-1.0	1.4974999999999998	-73200.64577932778	28795	0.3599375
(0.602, 0.608)	0.602	0.608	1594	-1.0	1.5125	-69887.8730822258	30389	0.3798625
(0.608, 0.614)	0.608	0.614	1609	-1.0	1.5274999999999999	-69852.78326100911	31998	0.399975
(0.614, 0.62)	0.614	0.62	1638	-1.0	1.5425	-70420.25845070874	33636	0.42045
(0.62, 0.626)	0.62	0.626	1601	-1.0	1.5574999999999999	-68166.68375872794	35237	0.4404625
(0.626, 0.632)	0.626	0.632	1557	-1.0	1.5725	-65660.90259514602	36794	0.459925
(0.632, 0.638)	0.632	0.638	1534	-1.0	1.5875	-64079.706746185555	38328	0.4791
(0.638, 0.644)	0.638	0.644	1584	-1.0	1.6025	-65548.99372271482	39912	0.4989
(0.644, 0.65)	0.644	0.65	1586	-1.0	1.6175	-65023.116884015006	41498	0.518725
(0.65, 0.656)	0.65	0.656	1555	-1.0	1.6325	-63166.395229172274	43053	0.5381625
(0.656, 0.662)	0.656	0.662	1607	-1.0	1.6475	-64684.368626372474	44660	0.55825
(0.662, 0.668)	0.662	0.668	1554	-1.0	1.6625	-61986.66204631681	46214	0.577675
(0.668, 0.674)	0.668	0.674	1465	-1.0	1.6775	-57914.05653989731	47679	0.5959875
(0.674, 0.68)	0.674	0.68	1577	-1.0	1.6925000000000001	-61789.10518363327	49256	0.6157
(0.68, 0.686)	0.68	0.686	1542	-1.0	1.7075	-59886.999084359	50798	0.634975
(0.686, 0.6920000000000001)	0.686	0.6920000000000001	1536	-1.0	1.7225000000000001	-59134.492643723104	52334	0.654175
(0.6920000000000001, 0.6980000000000001)	0.6920000000000001	0.6980000000000001	1515	-1.0	1.7375	-57822.47932475324	53849	0.6731125
(0.6980000000000001, 0.7040000000000001)	0.6980000000000001	0.7040000000000001	1626	-1.0	1.7525000000000002	-61527.802536238916	55475	0.6934375
(0.7040000000000001, 0.7100000000000001)	0.7040000000000001	0.7100000000000001	1564	-1.0	1.7675	-58679.47453930329	57039	0.7129875
(0.7100000000000001, 0.716)	0.7100000000000001	0.716	1547	-1.0	1.7825000000000002	-57553.22509657902	58586	0.732325
(0.716, 0.722)	0.716	0.722	1540	-1.0	1.7974999999999999	-56814.69920294847	60126	0.751575
(0.722, 0.728)	0.722	0.728	1663	-1.0	1.8124999999999998	-60844.75180731511	61789	0.7723625
(0.728, 0.734)	0.728	0.734	1538	-1.0	1.8275	-55809.462488676465	63327	0.7915875
(0.734, 0.74)	0.734	0.74	1505	-1.0	1.8424999999999998	-54167.387913456245	64832	0.8104
(0.74, 0.746)	0.74	0.746	1548	-1.0	1.8575	-55265.10809920436	66380	0.82975
(0.746, 0.752)	0.746	0.752	1554	-1.0	1.8724999999999998	-55034.886863552616	67934	0.849175
(0.752, 0.758)	0.752	0.758	1478	-1.0	1.8875	-51927.374368614226	69412	0.86765
(0.758, 0.764)	0.758	0.764	1506	-1.0	1.9024999999999999	-52493.94312229383	70918	0.886475
(0.764, 0.77)	0.764	0.77	1509	-1.0	1.9175	-52187.05109206222	72427	0.9053375
(0.77, 0.776)	0.77	0.776	1513	-1.0	1.9324999999999999	-51919.23865848125	73940	0.92425
(0.776, 0.782)	0.776	0.782	1526	-1.0	1.9475	-51962.01180107653	75466	0.943325
(0.782, 0.788)	0.782	0.788	1501	-1.0	1.9625	-50720.07846728988	76967	0.9620875
(0.788, 0.794)	0.788	0.794	1549	-1.0	1.9775	-51945.00776429507	78516	0.98145
(0.794, 0.8)	0.794	0.8	1484	-1.0	1.9925	-49390.618056957814	80000	1.0
