Intervalo	Inicio	Fin	Count	Q	u/R	Sigma	q_Comulate	q/Q
(0.0, 0.08)	0.0	0.08	26	1.0	0.01	1293.1339126216496	26	0.00020717131474103586
(0.08, 0.16)	0.08	0.16	58	1.0	0.03	961.5611145135342	84	0.0006693227091633466
(0.16, 0.24)	0.16	0.24	106	1.0	0.05	1054.4014979838066	190	0.0015139442231075697
(0.24, 0.32)	0.24	0.32	150	1.0	0.07	1065.7697082046561	340	0.0027091633466135457
(0.32, 0.4)	0.32	0.4	173	1.0	0.09	956.0349012117321	513	0.004087649402390438
(0.4, 0.48)	0.4	0.48	235	1.0	0.11	1062.540103028279	748	0.0059601593625498005
(0.48, 0.56)	0.48	0.56	271	1.0	0.13	1036.8026340842214	1019	0.008119521912350597
(0.56, 0.64)	0.56	0.64	321	1.0	0.15000000000000002	1064.3486819270504	1340	0.010677290836653386
(0.64, 0.72)	0.64	0.72	336	1.0	0.16999999999999998	983.0158249793541	1676	0.013354581673306772
(0.72, 0.8)	0.72	0.8	397	1.0	0.19	1039.2189540704337	2073	0.016517928286852588
(0.8, 0.88)	0.8	0.88	413	1.0	0.21000000000000002	978.1397544189413	2486	0.019808764940239042
(0.88, 0.96)	0.88	0.96	465	1.0	0.22999999999999998	1005.5305507843931	2951	0.02351394422310757
(0.96, 1.04)	0.96	1.04	513	1.0	0.25	1020.5810725767778	3464	0.027601593625498008
(1.04, 1.12)	1.04	1.12	599	1.0	0.27	1103.4005892597831	4063	0.03237450199203187
(1.12, 1.2)	1.12	1.2	603	1.0	0.29000000000000004	1034.1641237544507	4666	0.0371792828685259
(1.2, 1.28)	1.2	1.28	657	1.0	0.31	1054.080621082411	5323	0.04241434262948207
(1.28, 1.36)	1.28	1.36	730	1.0	0.33	1100.2188300860175	6053	0.048231075697211155
(1.36, 1.44)	1.36	1.44	815	1.0	0.35	1158.1364162490622	6868	0.05472509960159363
(1.44, 1.52)	1.44	1.52	837	1.0	0.37	1125.1071568236177	7705	0.06139442231075697
(1.52, 1.6)	1.52	1.6	836	1.0	0.39	1066.134073916861	8541	0.06805577689243028
(1.6, 1.68)	1.6	1.68	898	1.0	0.41000000000000003	1089.3379489064216	9439	0.07521115537848605
(1.68, 1.76)	1.68	1.76	940	1.0	0.43	1087.2503379824234	10379	0.0827011952191235
(1.76, 1.84)	1.76	1.84	1095	1.0	0.45	1210.2407130946199	11474	0.09142629482071714
(1.84, 1.92)	1.84	1.92	1163	1.0	0.47	1230.6994602119312	12637	0.10069322709163346
(1.92, 2.0)	1.92	2.0	1154	1.0	0.49	1171.3316602554028	13791	0.10988844621513945
(2.0, 2.08)	2.0	2.08	1300	1.0	0.51	1267.778345707498	15091	0.12024701195219123
(2.08, 2.16)	2.08	2.16	1353	1.0	0.53	1269.6735731328681	16444	0.13102788844621513
(2.16, 2.24)	2.16	2.24	1383	1.0	0.55	1250.6323085005174	17827	0.14204780876494025
(2.24, 2.32)	2.24	2.32	1482	1.0	0.5700000000000001	1293.1339126216535	19309	0.15385657370517927
(2.32, 2.4)	2.32	2.4	1561	1.0	0.59	1315.8944182544944	20870	0.16629482071713148
(2.4, 2.48)	2.4	2.48	1622	1.0	0.61	1322.4862586836778	22492	0.1792191235059761
(2.48, 2.56)	2.48	2.56	1817	1.0	0.63	1434.4470813391558	24309	0.1936972111553785
(2.56, 2.64)	2.56	2.64	1865	1.0	0.65	1427.038311857618	26174	0.20855776892430278
(2.64, 2.72)	2.64	2.72	1977	1.0	0.67	1467.5807952083794	28151	0.22431075697211156
(2.72, 2.8000000000000003)	2.72	2.8000000000000003	2053	1.0	0.6900000000000001	1479.8238141651314	30204	0.24066932270916336
(2.8000000000000003, 2.88)	2.8000000000000003	2.88	2273	1.0	0.71	1592.2499368304566	32477	0.2587808764940239
(2.88, 2.96)	2.88	2.96	2426	1.0	0.73	1652.8676881033307	34903	0.2781115537848606
(2.96, 3.04)	2.96	3.04	2563	1.0	0.75	1699.6421631021976	37466	0.29853386454183267
(3.04, 3.12)	3.04	3.12	2788	1.0	0.77	1800.8278463482284	40254	0.32074900398406375
(3.12, 3.2)	3.12	3.2	2912	1.0	0.79	1833.3037748560055	43166	0.34395219123505977
(3.2, 3.2800000000000002)	3.2	3.2800000000000002	3234	1.0	0.81	1985.7526464474915	46400	0.3697211155378486
(3.2800000000000002, 3.36)	3.2800000000000002	3.36	3513	1.0	0.8300000000000001	2105.0877826876203	49913	0.39771314741035857
(3.36, 3.44)	3.36	3.44	3843	1.0	0.85	2248.648699640269	53756	0.42833466135458165
(3.44, 3.52)	3.44	3.52	4295	1.0	0.87	2455.3537377144016	58051	0.4625577689243028
(3.52, 3.6)	3.52	3.6	4738	1.0	0.89	2647.739186690304	62789	0.5003107569721116
(3.6, 3.68)	3.6	3.68	5354	1.0	0.91	2926.22103473217	68143	0.5429721115537849
(3.68, 3.7600000000000002)	3.68	3.7600000000000002	6247	1.0	0.93	3340.8633383570796	74390	0.5927490039840637
(3.7600000000000002, 3.84)	3.7600000000000002	3.84	9207	1.0	0.95	4820.195924496999	83597	0.6661115537848605
(3.84, 3.92)	3.84	3.92	7101	1.0	0.97	3640.976968091335	90698	0.7226932270916334
(3.92, 4.0)	3.92	4.0	34802	1.0	0.99	17483.934120846374	125500	1.0
(5.0, 5.06)	5.0	5.06	16882	-1.0	1.2574999999999998	-8902.762588725622	16882	0.13451792828685258
(5.06, 5.12)	5.06	5.12	7290	-1.0	1.2725	-3799.081647478416	24172	0.19260557768924302
(5.12, 5.18)	5.12	5.18	5338	-1.0	1.2875	-2749.414518526033	29510	0.2351394422310757
(5.18, 5.24)	5.18	5.24	4481	-1.0	1.3025	-2281.4245041419563	33991	0.27084462151394423
(5.24, 5.3)	5.24	5.3	3900	-1.0	1.3175	-1963.0116320632346	37891	0.3019203187250996
(5.3, 5.36)	5.3	5.36	3502	-1.0	1.3325	-1742.841184202042	41393	0.3298247011952191
(5.36, 5.42)	5.36	5.42	3076	-1.0	1.3475000000000001	-1513.792841529603	44469	0.3543346613545817
(5.42, 5.48)	5.42	5.48	2866	-1.0	1.3625	-1394.9176357840051	47335	0.3771713147410359
(5.48, 5.54)	5.48	5.54	2687	-1.0	1.3775	-1293.5551484813202	50022	0.3985816733067729
(5.54, 5.6)	5.54	5.6	2486	-1.0	1.3925	-1183.8994270689855	52508	0.41839043824701194
(5.6, 5.66)	5.6	5.66	2304	-1.0	1.4075	-1085.5328267724199	54812	0.43674900398406374
(5.66, 5.72)	5.66	5.72	2233	-1.0	1.4224999999999999	-1040.9870765208138	57045	0.4545418326693227
(5.72, 5.78)	5.72	5.78	2016	-1.0	1.4375	-930.0184500674167	59061	0.47060557768924305
(5.78, 5.84)	5.78	5.84	2033	-1.0	1.4525000000000001	-928.1755573890576	61094	0.48680478087649404
(5.84, 5.9)	5.84	5.9	1988	-1.0	1.4675	-898.3532846867828	63082	0.5026454183266932
(5.9, 5.96)	5.9	5.96	1892	-1.0	1.4825	-846.3213949687105	64974	0.5177211155378486
(5.96, 6.02)	5.96	6.02	1791	-1.0	1.4975	-793.117704723391	66765	0.53199203187251
(6.02, 6.08)	6.02	6.08	1707	-1.0	1.5125	-748.422831564361	68472	0.5455936254980079
(6.08, 6.14)	6.08	6.14	1732	-1.0	1.5274999999999999	-751.9267906032843	70204	0.559394422310757
(6.14, 6.2)	6.14	6.2	1588	-1.0	1.5425	-682.7067791191978	71792	0.5720478087649402
(6.2, 6.26)	6.2	6.26	1665	-1.0	1.5575	-708.916480064229	73457	0.5853147410358566
(6.26, 6.32)	6.26	6.32	1613	-1.0	1.5725	-680.2250217467508	75070	0.5981673306772909
(6.32, 6.38)	6.32	6.38	1570	-1.0	1.5875	-655.8353298012543	76640	0.6106772908366533
(6.38, 6.4399999999999995)	6.38	6.4399999999999995	1604	-1.0	1.6025	-663.7663253234612	78244	0.6234581673306773
(6.4399999999999995, 6.5)	6.4399999999999995	6.5	1520	-1.0	1.6175	-623.1723686235908	79764	0.6355697211155379
(6.5, 6.5600000000000005)	6.5	6.5600000000000005	1487	-1.0	1.6325	-604.0413485902151	81251	0.6474183266932271
(6.5600000000000005, 6.62)	6.5600000000000005	6.62	1495	-1.0	1.6475	-601.7618612098745	82746	0.6593306772908366
(6.62, 6.68)	6.62	6.68	1460	-1.0	1.6625	-582.3714709628289	84206	0.6709641434262948
(6.68, 6.74)	6.68	6.74	1517	-1.0	1.6775	-599.6970905871916	85723	0.6830517928286852
(6.74, 6.8)	6.74	6.8	1504	-1.0	1.6925	-589.288612531299	87227	0.6950358565737051
(6.8, 6.859999999999999)	6.8	6.859999999999999	1485	-1.0	1.7075	-576.7327732832266	88712	0.7068685258964144
(6.859999999999999, 6.92)	6.859999999999999	6.92	1416	-1.0	1.7225	-545.1461040593138	90128	0.7181513944223108
(6.92, 6.98)	6.92	6.98	1569	-1.0	1.7375	-598.8347858781364	91697	0.7306533864541833
(6.98, 7.04)	6.98	7.04	1408	-1.0	1.7525	-532.786875590562	93105	0.7418725099601594
(7.04, 7.1)	7.04	7.1	1495	-1.0	1.7675	-560.9067419198116	94600	0.7537848605577689
(7.1, 7.16)	7.1	7.16	1478	-1.0	1.7825	-549.8620988541855	96078	0.7655617529880479
(7.16, 7.22)	7.16	7.22	1515	-1.0	1.7974999999999999	-558.9238265744586	97593	0.7776334661354581
(7.22, 7.279999999999999)	7.22	7.279999999999999	1578	-1.0	1.8125	-577.3482763195716	99171	0.790207171314741
(7.279999999999999, 7.34)	7.279999999999999	7.34	1594	-1.0	1.8275	-578.4153654548074	100765	0.8029083665338645
(7.34, 7.4)	7.34	7.4	1580	-1.0	1.8425	-568.6675940415938	102345	0.8154980079681274
(7.4, 7.46)	7.4	7.46	1666	-1.0	1.8575	-594.7782305767128	104011	0.8287729083665338
(7.46, 7.52)	7.46	7.52	1756	-1.0	1.8725	-621.887138561126	105767	0.8427649402390438
(7.52, 7.58)	7.52	7.58	1791	-1.0	1.8875	-629.2417286480854	107558	0.8570358565737052
(7.58, 7.64)	7.58	7.64	1886	-1.0	1.9024999999999999	-657.3942677864999	109444	0.8720637450199203
(7.64, 7.699999999999999)	7.64	7.699999999999999	2084	-1.0	1.9175	-720.7277301249721	111528	0.8886693227091633
(7.699999999999999, 7.76)	7.699999999999999	7.76	2116	-1.0	1.9324999999999999	-726.1144018595269	113644	0.9055298804780877
(7.76, 7.82)	7.76	7.82	2404	-1.0	1.9475	-818.5889670366118	116048	0.9246852589641434
(7.82, 7.88)	7.82	7.88	2629	-1.0	1.9625	-888.3616674917112	118677	0.9456334661354582
(7.88, 7.9399999999999995)	7.88	7.9399999999999995	3031	-1.0	1.9775	-1016.4320111916131	121708	0.9697848605577689
(7.9399999999999995, 8.0)	7.9399999999999995	8.0	3792	-1.0	1.9925	-1262.0567632882921	125500	1.0
