Intervalo	Inicio	Fin	Count	Q	u/R	Sigma	q_Comulate	q/Q
(0.0, 0.08)	0.0	0.08	76	1.0	0.01	5.806343930003862	76	0.0002334869431643625
(0.08, 0.16)	0.08	0.16	199	1.0	0.03	5.067817728380564	275	0.0008448540706605223
(0.16, 0.24)	0.16	0.24	331	1.0	0.05	5.057631160082312	606	0.0018617511520737328
(0.24, 0.32)	0.24	0.32	420	1.0	0.07	4.583955734213575	1026	0.003152073732718894
(0.32, 0.4)	0.32	0.4	611	1.0	0.09	5.186661025193507	1637	0.005029185867895546
(0.4, 0.48)	0.4	0.48	730	1.0	0.11	5.07013285753926	2367	0.007271889400921659
(0.48, 0.56)	0.48	0.56	845	1.0	0.13	4.965952045398037	3212	0.0098678955453149
(0.56, 0.64)	0.56	0.64	943	1.0	0.15000000000000002	4.8029669526260035	4155	0.012764976958525345
(0.64, 0.72)	0.64	0.72	1146	1.0	0.16999999999999998	5.150209089616432	5301	0.016285714285714285
(0.72, 0.8)	0.72	0.8	1279	1.0	0.19	5.14287665268347	6580	0.02021505376344086
(0.8, 0.88)	0.8	0.88	1336	1.0	0.21000000000000002	4.8604483023090035	7916	0.024319508448540708
(0.88, 0.96)	0.88	0.96	1496	1.0	0.22999999999999998	4.9692737524518185	9412	0.02891551459293395
(0.96, 1.04)	0.96	1.04	1756	1.0	0.25	5.366284179519354	11168	0.034310291858678954
(1.04, 1.12)	1.04	1.12	1856	1.0	0.27	5.251741878210119	13024	0.04001228878648234
(1.12, 1.2)	1.12	1.2	1959	1.0	0.29000000000000004	5.160901886968049	14983	0.046030721966205834
(1.2, 1.28)	1.2	1.28	2075	1.0	0.31	5.113821585211378	17058	0.05240552995391705
(1.28, 1.36)	1.28	1.36	2249	1.0	0.33	5.2067254779021805	19307	0.05931490015360983
(1.36, 1.44)	1.36	1.44	2395	1.0	0.35	5.227892373067398	21702	0.06667281105990783
(1.44, 1.52)	1.44	1.52	2631	1.0	0.37	5.43260699852068	24333	0.07475576036866359
(1.52, 1.6)	1.52	1.6	2752	1.0	0.39	5.39104537630587	27085	0.08321044546850999
(1.6, 1.68)	1.6	1.68	3042	1.0	0.41000000000000003	5.66845257864949	30127	0.09255606758832566
(1.68, 1.76)	1.68	1.76	3027	1.0	0.43	5.378152716071503	33154	0.10185560675883257
(1.76, 1.84)	1.76	1.84	3232	1.0	0.45	5.487164789991949	36386	0.11178494623655914
(1.84, 1.92)	1.84	1.92	3399	1.0	0.47	5.525129624323389	39785	0.12222734254992319
(1.92, 2.0)	1.92	2.0	3564	1.0	0.49	5.556876951271149	43349	0.13317665130568357
(2.0, 2.08)	2.0	2.08	3871	1.0	0.51	5.798853806255139	47220	0.14506912442396314
(2.08, 2.16)	2.08	2.16	3993	1.0	0.53	5.755891587017236	51213	0.15733640552995393
(2.16, 2.24)	2.16	2.24	4214	1.0	0.55	5.853572564841209	55427	0.1702826420890937
(2.24, 2.32)	2.24	2.32	4412	1.0	0.5700000000000001	5.913570964722326	59839	0.18383717357910906
(2.32, 2.4)	2.32	2.4	4658	1.0	0.59	6.031657008465205	64497	0.19814746543778802
(2.4, 2.48)	2.4	2.48	4937	1.0	0.61	6.183330453500654	69434	0.21331490015360982
(2.48, 2.56)	2.48	2.56	5160	1.0	0.63	6.257463383212182	74594	0.22916743471582182
(2.56, 2.64)	2.56	2.64	5447	1.0	0.65	6.402258175451622	80041	0.24590168970814133
(2.64, 2.72)	2.64	2.72	5594	1.0	0.67	6.378768253032511	85635	0.26308755760368663
(2.72, 2.8000000000000003)	2.72	2.8000000000000003	6227	1.0	0.6900000000000001	6.894756607958435	91862	0.28221812596006146
(2.8000000000000003, 2.88)	2.8000000000000003	2.88	6366	1.0	0.71	6.85010849859243	98228	0.3017757296466974
(2.88, 2.96)	2.88	2.96	6651	1.0	0.73	6.9607053854462295	104879	0.3222089093701997
(2.96, 3.04)	2.96	3.04	7031	1.0	0.75	7.16217617050125	111910	0.3438095238095238
(3.04, 3.12)	3.04	3.12	7555	1.0	0.77	7.496057483113312	119465	0.3670199692780338
(3.12, 3.2)	3.12	3.2	7959	1.0	0.79	7.696983900549739	127424	0.3914715821812596
(3.2, 3.2800000000000002)	3.2	3.2800000000000002	8564	1.0	0.81	8.077571380206807	135988	0.41778187403993855
(3.2800000000000002, 3.36)	3.2800000000000002	3.36	9110	1.0	0.8300000000000001	8.3855093852783	145098	0.4457695852534562
(3.36, 3.44)	3.36	3.44	9928	1.0	0.85	8.923433829269085	155026	0.47627035330261136
(3.44, 3.52)	3.44	3.52	10838	1.0	0.87	9.517416139349933	165864	0.5095668202764977
(3.52, 3.6)	3.52	3.6	11919	1.0	0.89	10.231492209005896	177783	0.546184331797235
(3.6, 3.68)	3.6	3.68	12993	1.0	0.91	10.908303453230221	190776	0.5861013824884793
(3.68, 3.7600000000000002)	3.68	3.7600000000000002	15719	1.0	0.93	12.913118312921675	206495	0.6343932411674347
(3.7600000000000002, 3.84)	3.7600000000000002	3.84	19920	1.0	0.95	16.019718986935946	226415	0.6955913978494623
(3.84, 3.92)	3.84	3.92	14675	1.0	0.97	11.558341993055723	241090	0.7406758832565284
(3.92, 4.0)	3.92	4.0	84410	1.0	0.99	65.14001742844565	325500	1.0
(5.0, 5.06)	5.0	5.06	3	0.5	1.2574999999999998	0.0012150976101295166	3	9.216618177014368e-06
(5.06, 5.12)	5.06	5.12	3	0.5	1.2725	0.0012007742591260094	6	1.8433236354028737e-05
(5.12, 5.18)	5.12	5.18	0	0.5	1.2875	0.0	6	1.8433236354028737e-05
(5.18, 5.24)	5.18	5.24	7	0.5	1.3025	0.002737273631008291	13	3.993867876706227e-05
(5.24, 5.3)	5.24	5.3	10	0.5	1.3175	0.003865870321917434	23	7.066073935711015e-05
(5.3, 5.36)	5.3	5.36	11	0.5	1.3325	0.004204587290085381	34	0.00010445500600616284
(5.36, 5.42)	5.36	5.42	25	0.5	1.3475000000000001	0.009449506770178537	59	0.00018126015748128258
(5.42, 5.48)	5.42	5.48	22	0.5	1.3625	0.00822401844262574	81	0.000248848690779388
(5.48, 5.54)	5.48	5.54	42	0.5	1.3775	0.015529432614395718	123	0.0003778813452575891
(5.54, 5.6)	5.54	5.6	49	0.5	1.3925	0.017922507957428047	172	0.0005284194421488238
(5.6, 5.66)	5.6	5.66	85	0.5	1.4075	0.030758731984065542	257	0.000789556957164231
(5.66, 5.72)	5.66	5.72	126	0.5	1.4224999999999999	0.04511450283233089	383	0.0011766549205988344
(5.72, 5.78)	5.72	5.78	167	0.5	1.4375	0.059170674984630856	550	0.0016897133324526342
(5.78, 5.84)	5.78	5.84	227	0.5	1.4525000000000001	0.0795990018486509	777	0.0023871041078467217
(5.84, 5.9)	5.84	5.9	298	0.5	1.4675	0.10342750776419704	1075	0.0033026215134301486
(5.9, 5.96)	5.9	5.96	431	0.5	1.4825	0.1480745678430623	1506	0.004626742324861213
(5.96, 6.02)	5.96	6.02	514	0.5	1.4975	0.17482123890823936	2020	0.006205856239189675
(6.02, 6.08)	6.02	6.08	638	0.5	1.5125	0.21484398592677584	2658	0.00816592370483473
(6.08, 6.14)	6.08	6.14	766	0.5	1.5274999999999999	0.25541444571068306	3424	0.0105192335460324
(6.14, 6.2)	6.14	6.2	1067	0.5	1.5425	0.35231988247115653	4491	0.01379727741099051
(6.2, 6.26)	6.2	6.26	1205	0.5	1.5575	0.39405504973978395	5696	0.01749928571209128
(6.26, 6.32)	6.26	6.32	1494	0.5	1.5725	0.48390248132238056	7190	0.022089161564244435
(6.32, 6.38)	6.32	6.38	1790	0.5	1.5875	0.5742978662636831	8980	0.02758841040986301
(6.38, 6.4399999999999995)	6.38	6.4399999999999995	2054	0.5	1.6025	0.6528303052920642	11034	0.03389872165505885
(6.4399999999999995, 6.5)	6.4399999999999995	6.5	2416	0.5	1.6175	0.7607650389050223	13450	0.04132117149361442
(6.5, 6.5600000000000005)	6.5	6.5600000000000005	2783	0.5	1.6325	0.8682762503533278	16233	0.04987112095582475
(6.5600000000000005, 6.62)	6.5600000000000005	6.62	3218	0.5	1.6475	0.9948521026942733	19451	0.05975748005370216
(6.62, 6.68)	6.62	6.68	3640	0.5	1.6625	1.115161161071848	23091	0.07094031010847959
(6.68, 6.74)	6.68	6.74	3948	0.5	1.6775	1.1987055630849512	27039	0.0830693796294305
(6.74, 6.8)	6.74	6.8	4493	0.5	1.6925	1.3520901436941972	31532	0.09687280145253903
(6.8, 6.859999999999999)	6.8	6.859999999999999	4996	0.5	1.7075	1.490251690133801	36528	0.11222154292332695
(6.859999999999999, 6.92)	6.859999999999999	6.92	5412	0.5	1.7225	1.6002817889736163	41940	0.12884832211466088
(6.92, 6.98)	6.92	6.98	5916	0.5	1.7375	1.7342082892794506	47856	0.1470234931597332
(6.98, 7.04)	6.98	7.04	6347	0.5	1.7525	1.8446262193725653	54203	0.1665227850162366
(7.04, 7.1)	7.04	7.1	6976	0.5	1.7675	2.010226321035611	61179	0.187954494483854
(7.1, 7.16)	7.1	7.16	7410	0.5	1.7825	2.1173203671823275	68589	0.2107195413810795
(7.16, 7.22)	7.16	7.22	8079	0.5	1.7974999999999999	2.289215167776942	76668	0.2355398941317792
(7.22, 7.279999999999999)	7.22	7.279999999999999	8789	0.5	1.8125	2.46978617305769	85457	0.2625415131843723
(7.279999999999999, 7.34)	7.279999999999999	7.34	9414	0.5	1.8275	2.62370325471264	94871	0.2914632610238434
(7.34, 7.4)	7.34	7.4	10165	0.5	1.8425	2.8099448236563034	105036	0.3226922356136271
(7.4, 7.46)	7.4	7.46	10887	0.5	1.8575	2.9852266235013234	115923	0.3561393429780122
(7.46, 7.52)	7.46	7.52	11948	0.5	1.8725	3.249909693658754	127871	0.39284606097100144
(7.52, 7.58)	7.52	7.58	13204	0.5	1.8875	3.5630052400032763	141075	0.43341146977410067
(7.58, 7.64)	7.58	7.64	14526	0.5	1.9024999999999999	3.8888328804314014	155601	0.47803833498720427
(7.64, 7.699999999999999)	7.64	7.699999999999999	15933	0.5	1.9175	4.232140617889347	171534	0.5269877941253276
(7.699999999999999, 7.76)	7.699999999999999	7.76	18127	0.5	1.9324999999999999	4.777540065780595	189661	0.5826776733569073
(7.76, 7.82)	7.76	7.82	20686	0.5	1.9475	5.409996195575013	210347	0.6462293278934804
(7.82, 7.88)	7.82	7.88	23874	0.5	1.9625	6.196028829362532	234221	0.7195751753461608
(7.88, 7.9399999999999995)	7.88	7.9399999999999995	30680	0.5	1.9775	7.901995332247445	264901	0.8138304572364278
(7.9399999999999995, 8.0)	7.9399999999999995	8.0	60598	0.5	1.9925	15.490230005959658	325499	1.0
