Intervalo	Inicio	Fin	Count	Q	u/R	Sigma	q_Comulate	q/Q
(0.0, 0.008)	0.0	0.008	33	1.0	0.01	164128.53506351708	33	0.000165
(0.008, 0.016)	0.008	0.016	113	1.0	0.03	187338.63093108515	146	0.00073
(0.016, 0.024)	0.016	0.024	178	1.0	0.049999999999999996	177059.87418973356	324	0.00162
(0.024, 0.032)	0.024	0.032	221	1.0	0.06999999999999999	157023.40367548604	545	0.002725
(0.032, 0.04)	0.032	0.04	293	1.0	0.09000000000000001	161918.04974279625	838	0.00419
(0.04, 0.048)	0.04	0.048	398	1.0	0.10999999999999999	179953.60042776805	1236	0.00618
(0.048, 0.056)	0.048	0.056	424	1.0	0.13	162215.61507443173	1660	0.0083
(0.056, 0.064)	0.056	0.064	530	1.0	0.15	175733.5829973012	2190	0.01095
(0.064, 0.07200000000000001)	0.064	0.07200000000000001	588	1.0	0.17	172027.76937138668	2778	0.01389
(0.07200000000000001, 0.08)	0.07200000000000001	0.08	649	1.0	0.19000000000000003	169887.43103065813	3427	0.017135
(0.08, 0.088)	0.08	0.088	763	1.0	0.20999999999999996	180707.174968923	4190	0.02095
(0.088, 0.096)	0.088	0.096	817	1.0	0.22999999999999998	176670.63655717173	5007	0.025035
(0.096, 0.10400000000000001)	0.096	0.10400000000000001	916	1.0	0.25	182232.4098402199	5923	0.029615
(0.10400000000000001, 0.112)	0.10400000000000001	0.112	1027	1.0	0.27	189180.70203168594	6950	0.03475
(0.112, 0.12)	0.112	0.12	1109	1.0	0.29	190197.01712167254	8059	0.040295
(0.12, 0.128)	0.12	0.128	1127	1.0	0.31	180814.13393605454	9186	0.04593
(0.128, 0.136)	0.128	0.136	1335	1.0	0.33	201204.40248833335	10521	0.052605
(0.136, 0.14400000000000002)	0.136	0.14400000000000002	1389	1.0	0.35000000000000003	197380.54995950212	11910	0.05955
(0.14400000000000002, 0.152)	0.14400000000000002	0.152	1538	1.0	0.37000000000000005	206740.12033389826	13448	0.06724
(0.152, 0.16)	0.152	0.16	1688	1.0	0.38999999999999996	215267.26277173008	15136	0.07568
(0.16, 0.168)	0.16	0.168	1764	1.0	0.41	213985.76190099333	16900	0.0845
(0.168, 0.176)	0.168	0.176	1972	1.0	0.42999999999999994	228091.24111716443	18872	0.09436
(0.176, 0.184)	0.176	0.184	2070	1.0	0.44999999999999996	228785.2306945995	20942	0.10471
(0.184, 0.192)	0.184	0.192	2180	1.0	0.47	230690.01059862462	23122	0.11561
(0.192, 0.2)	0.192	0.2	2426	1.0	0.49	246243.55353376103	25548	0.12774
(0.2, 0.20800000000000002)	0.2	0.20800000000000002	2507	1.0	0.51	244486.17789913068	28055	0.140275
(0.20800000000000002, 0.216)	0.20800000000000002	0.216	2861	1.0	0.53	268480.12510961946	30916	0.15458
(0.216, 0.224)	0.216	0.224	3036	1.0	0.5499999999999999	274542.2768335187	33952	0.16976
(0.224, 0.232)	0.224	0.232	3191	1.0	0.57	278433.8944113148	37143	0.185715
(0.232, 0.24)	0.232	0.24	3405	1.0	0.59	287035.26548088156	40548	0.20274
(0.24, 0.248)	0.24	0.248	3651	1.0	0.61	297681.70964575314	44199	0.220995
(0.248, 0.256)	0.248	0.256	4059	1.0	0.63	320441.42560019996	48258	0.24129
(0.256, 0.264)	0.256	0.264	4268	1.0	0.65	326573.70053663827	52526	0.26263
(0.264, 0.272)	0.264	0.272	4523	1.0	0.67	335754.57444246387	57049	0.285245
(0.272, 0.28)	0.272	0.28	4897	1.0	0.6900000000000001	352980.86789900856	61946	0.30973
(0.28, 0.28800000000000003)	0.28	0.28800000000000003	5245	1.0	0.7100000000000001	367415.350579661	67191	0.335955
(0.28800000000000003, 0.296)	0.28800000000000003	0.296	5620	1.0	0.7300000000000001	382898.45041800424	72811	0.364055
(0.296, 0.304)	0.296	0.304	6046	1.0	0.7499999999999999	400937.82747233193	78857	0.394285
(0.304, 0.312)	0.304	0.312	6553	1.0	0.7699999999999999	423272.0544160673	85410	0.42705
(0.312, 0.32)	0.312	0.32	7112	1.0	0.7899999999999999	447749.19116675574	92522	0.46261
(0.32, 0.328)	0.32	0.328	7701	1.0	0.8099999999999999	472859.6515241837	100223	0.501115
(0.328, 0.336)	0.328	0.336	8353	1.0	0.83	500535.10528863047	108576	0.54288
(0.336, 0.34400000000000003)	0.336	0.34400000000000003	8954	1.0	0.85	523924.0295753041	117530	0.58765
(0.34400000000000003, 0.352)	0.34400000000000003	0.352	9992	1.0	0.8699999999999999	571219.89632695	127522	0.63761
(0.352, 0.36)	0.352	0.36	10797	1.0	0.8899999999999999	603369.3541303343	138319	0.691595
(0.36, 0.368)	0.36	0.368	11734	1.0	0.9099999999999999	641320.0900550486	150053	0.750265
(0.368, 0.376)	0.368	0.376	12453	1.0	0.9299999999999999	665980.0088452179	162506	0.81253
(0.376, 0.384)	0.376	0.384	13133	1.0	0.95	687559.8248769279	175639	0.878195
(0.384, 0.392)	0.384	0.392	13026	1.0	0.97	667897.0002303552	188665	0.943325
(0.392, 0.4)	0.392	0.4	11335	1.0	0.99	569451.1615993154	200000	1.0
(0.5, 0.506)	0.5	0.506	7414	-1.0	1.2574999999999998	-390979.04177710897	7414	0.03707
(0.506, 0.512)	0.506	0.512	8269	-1.0	1.2725	-430927.3819341461	15683	0.078415
(0.512, 0.518)	0.512	0.518	8558	-1.0	1.2874999999999999	-440792.2339742512	24241	0.121205
(0.518, 0.524)	0.518	0.524	8538	-1.0	1.3025	-434697.6660648096	32779	0.163895
(0.524, 0.53)	0.524	0.53	7924	-1.0	1.3175	-398843.69672997453	40703	0.203515
(0.53, 0.536)	0.53	0.536	7407	-1.0	1.3325	-368624.34755524277	48110	0.24055
(0.536, 0.542)	0.536	0.542	7058	-1.0	1.3475	-347345.57462665485	55168	0.27584
(0.542, 0.548)	0.542	0.548	6546	-1.0	1.3625	-318601.9136023057	61714	0.30857
(0.548, 0.554)	0.548	0.554	6255	-1.0	1.3775	-301123.4631094387	67969	0.339845
(0.554, 0.56)	0.554	0.56	5913	-1.0	1.3925	-281592.81223889336	73882	0.36941
(0.56, 0.5660000000000001)	0.56	0.5660000000000001	5511	-1.0	1.4075	-259651.5368204352	79393	0.396965
(0.5660000000000001, 0.5720000000000001)	0.5660000000000001	0.5720000000000001	5311	-1.0	1.4225	-247589.8953605905	84704	0.42352
(0.5720000000000001, 0.5780000000000001)	0.5720000000000001	0.5780000000000001	5131	-1.0	1.4375	-236702.6124650762	89835	0.449175
(0.5780000000000001, 0.5840000000000001)	0.5780000000000001	0.5840000000000001	4945	-1.0	1.4525000000000001	-225766.26322129226	94780	0.4739
(0.5840000000000001, 0.59)	0.5840000000000001	0.59	4548	-1.0	1.4674999999999998	-205518.64883076434	99328	0.49664
(0.59, 0.596)	0.59	0.596	4271	-1.0	1.4825	-191048.5559149758	103599	0.517995
(0.596, 0.602)	0.596	0.602	4162	-1.0	1.4974999999999998	-184307.97806023122	107761	0.538805
(0.602, 0.608)	0.602	0.608	4085	-1.0	1.5125	-179104.11639955605	111846	0.55923
(0.608, 0.614)	0.608	0.614	3958	-1.0	1.5274999999999999	-171831.76889190433	115804	0.57902
(0.614, 0.62)	0.614	0.62	3822	-1.0	1.5425	-164313.9363849871	119626	0.59813
(0.62, 0.626)	0.62	0.626	3637	-1.0	1.5574999999999999	-154854.60888850313	123263	0.616315
(0.626, 0.632)	0.626	0.632	3515	-1.0	1.5725	-148232.5450365692	126778	0.63389
(0.632, 0.638)	0.632	0.638	3355	-1.0	1.5875	-140148.25041294168	130133	0.650665
(0.638, 0.644)	0.638	0.644	3305	-1.0	1.6025	-136767.31329139677	133438	0.66719
(0.644, 0.65)	0.644	0.65	3133	-1.0	1.6175	-128447.30466432472	136571	0.682855
(0.65, 0.656)	0.65	0.656	3105	-1.0	1.6325	-126129.68307818644	139676	0.69838
(0.656, 0.662)	0.656	0.662	3218	-1.0	1.6475	-129529.74377079442	142894	0.71447
(0.662, 0.668)	0.662	0.668	3017	-1.0	1.6625	-120343.47451334479	145911	0.729555
(0.668, 0.674)	0.668	0.674	3010	-1.0	1.6775	-118990.65541644431	148921	0.744605
(0.674, 0.68)	0.674	0.68	2894	-1.0	1.6925000000000001	-113391.04020382669	151815	0.759075
(0.68, 0.686)	0.68	0.686	2784	-1.0	1.7075	-108122.83103168318	154599	0.772995
(0.686, 0.6920000000000001)	0.686	0.6920000000000001	2752	-1.0	1.7225000000000001	-105949.29932000389	157351	0.786755
(0.6920000000000001, 0.6980000000000001)	0.6920000000000001	0.6980000000000001	2700	-1.0	1.7375	-103049.96315302559	160051	0.800255
(0.6980000000000001, 0.7040000000000001)	0.6980000000000001	0.7040000000000001	2649	-1.0	1.7525000000000002	-100238.09896586525	162700	0.8135
(0.7040000000000001, 0.7100000000000001)	0.7040000000000001	0.7100000000000001	2610	-1.0	1.7675	-97924.18705088337	165310	0.82655
(0.7100000000000001, 0.716)	0.7100000000000001	0.716	2587	-1.0	1.7825000000000002	-96244.46885898508	167897	0.839485
(0.716, 0.722)	0.716	0.722	2613	-1.0	1.7974999999999999	-96400.52533591191	170510	0.85255
(0.722, 0.728)	0.722	0.728	2422	-1.0	1.8124999999999998	-88614.54532610775	172932	0.86466
(0.728, 0.734)	0.728	0.734	2427	-1.0	1.8275	-88068.6381404537	175359	0.876795
(0.734, 0.74)	0.734	0.74	2427	-1.0	1.8424999999999998	-87351.66143917495	177786	0.88893
(0.74, 0.746)	0.74	0.746	2403	-1.0	1.8575	-85789.4410609742	180189	0.900945
(0.746, 0.752)	0.746	0.752	2238	-1.0	1.8724999999999998	-79258.73667994257	182427	0.912135
(0.752, 0.758)	0.752	0.758	2349	-1.0	1.8875	-82528.6890337448	184776	0.92388
(0.758, 0.764)	0.758	0.764	2262	-1.0	1.9024999999999999	-78845.48429125408	187038	0.93519
(0.764, 0.77)	0.764	0.77	2302	-1.0	1.9175	-79612.05541015722	189340	0.9467
(0.77, 0.776)	0.77	0.776	2188	-1.0	1.9324999999999999	-75082.15081609847	191528	0.95764
(0.776, 0.782)	0.776	0.782	2171	-1.0	1.9475	-73924.98533429696	193699	0.968495
(0.782, 0.788)	0.782	0.788	2146	-1.0	1.9625	-72515.18213910998	195845	0.979225
(0.788, 0.794)	0.788	0.794	2134	-1.0	1.9775	-71562.71566753111	197979	0.989895
(0.794, 0.8)	0.794	0.8	2021	-1.0	1.9925	-67263.09911934753	200000	1.0
