Intervalo	Inicio	Fin	Count	Q	u/R	Sigma	q_Comulate	q/Q
(0.0, 0.08)	0.0	0.08	59	1.0	0.01	2934.4192632568206	59	0.00016833383738380686
(0.08, 0.16)	0.08	0.16	172	1.0	0.03	2851.526063729791	231	0.0006590697700959218
(0.16, 0.24)	0.16	0.24	322	1.0	0.05	3202.9932297243936	553	0.0015777730859872067
(0.24, 0.32)	0.24	0.32	459	1.0	0.07	3261.2553071062475	1012	0.002887353278515467
(0.32, 0.4)	0.32	0.4	527	1.0	0.09	2912.3144100496115	1539	0.004390945351418284
(0.4, 0.48)	0.4	0.48	710	1.0	0.11	3210.2275453194816	2249	0.006416657631799688
(0.48, 0.56)	0.48	0.56	763	1.0	0.13	2919.115903344136	3012	0.008593585054237733
(0.56, 0.64)	0.56	0.64	918	1.0	0.15000000000000002	3043.8382866324996	3930	0.011212745439294253
(0.64, 0.72)	0.64	0.72	1021	1.0	0.16999999999999998	2987.0808253092873	4951	0.01412577676080047
(0.72, 0.8)	0.72	0.8	1186	1.0	0.19	3104.568462285981	6137	0.017509572203803773
(0.8, 0.88)	0.8	0.88	1305	1.0	0.21000000000000002	3090.7321537935068	7442	0.021232888437462554
(0.88, 0.96)	0.88	0.96	1440	1.0	0.22999999999999998	3113.9010604936043	8882	0.025341375315982583
(0.96, 1.04)	0.96	1.04	1610	1.0	0.25	3202.993229724391	10492	0.02993489189543901
(1.04, 1.12)	1.04	1.12	1709	1.0	0.27	3148.099510926493	12201	0.03481086694779369
(1.12, 1.2)	1.12	1.2	1884	1.0	0.29000000000000004	3231.119749839776	14085	0.04018613728052406
(1.2, 1.28)	1.2	1.28	2016	1.0	0.31	3234.439166061097	16101	0.04593801891045211
(1.28, 1.36)	1.28	1.36	2083	1.0	0.33	3139.3915384509237	18184	0.05188105930486685
(1.36, 1.44)	1.36	1.44	2340	1.0	0.35	3325.2014895985344	20524	0.0585573504824619
(1.44, 1.52)	1.44	1.52	2392	1.0	0.37	3215.359998951127	22916	0.06538200368622572
(1.52, 1.6)	1.52	1.6	2643	1.0	0.39	3370.565020768258	25559	0.0729227889778427
(1.6, 1.68)	1.6	1.68	2656	1.0	0.41000000000000003	3221.917140640819	28215	0.08050066477600187
(1.68, 1.76)	1.68	1.76	3043	1.0	0.43	3519.683806894164	31258	0.0891826964227633
(1.76, 1.84)	1.76	1.84	3080	1.0	0.45	3404.1473939099806	34338	0.09797029335737559
(1.84, 1.92)	1.84	1.92	3371	1.0	0.47	3567.2294758163544	37709	0.10758814701535548
(1.92, 2.0)	1.92	2.0	3513	1.0	0.49	3565.7609380218632	41222	0.11761114312941164
(2.0, 2.08)	2.0	2.08	3724	1.0	0.51	3631.6973533959404	44946	0.1282361466958065
(2.08, 2.16)	2.08	2.16	3927	1.0	0.53	3685.150126897837	48873	0.13944033278743717
(2.16, 2.24)	2.16	2.24	4139	1.0	0.55	3742.8540310076946	53012	0.15124937944729439
(2.24, 2.32)	2.24	2.32	4338	1.0	0.5700000000000001	3785.165258402654	57350	0.16362619616883597
(2.32, 2.4)	2.32	2.4	4605	1.0	0.59	3881.9306829352636	61955	0.1767647948324365
(2.4, 2.48)	2.4	2.48	5025	1.0	0.61	4097.098304491666	66980	0.1911017021689387
(2.48, 2.56)	2.48	2.56	5166	1.0	0.63	4078.345416729818	72146	0.2058408988456293
(2.56, 2.64)	2.56	2.64	5581	1.0	0.65	4270.402583633977	77727	0.22176413861578229
(2.64, 2.72)	2.64	2.72	5808	1.0	0.67	4311.436144952083	83535	0.23833503569247977
(2.72, 2.8000000000000003)	2.72	2.8000000000000003	6168	1.0	0.6900000000000001	4445.958736371423	89703	0.2559330544888072
(2.8000000000000003, 2.88)	2.8000000000000003	2.88	6675	1.0	0.71	4675.876959235943	96378	0.2749776030402803
(2.88, 2.96)	2.88	2.96	6884	1.0	0.73	4690.1653606361615	103262	0.29461845281231636
(2.96, 3.04)	2.96	3.04	7579	1.0	0.75	5025.980473722808	110841	0.31624221812641584
(3.04, 3.12)	3.04	3.12	8037	1.0	0.77	5191.267360509581	118878	0.3391727105171558
(3.12, 3.2)	3.12	3.2	8697	1.0	0.79	5475.358149011909	127575	0.36398625939388407
(3.2, 3.2800000000000002)	3.2	3.2800000000000002	9280	1.0	0.81	5698.1399378579845	136855	0.3904631748332354
(3.2800000000000002, 3.36)	3.2800000000000002	3.36	10228	1.0	0.8300000000000001	6128.903456114142	147083	0.41964484413427905
(3.36, 3.44)	3.36	3.44	11035	1.0	0.85	6456.892636099498	158118	0.45112897795682666
(3.44, 3.52)	3.44	3.52	12226	1.0	0.87	6989.325913223813	170344	0.4860111728018169
(3.52, 3.6)	3.52	3.6	13660	1.0	0.89	7633.625430601424	184004	0.5249847358299999
(3.6, 3.68)	3.6	3.68	15697	1.0	0.91	8579.172876763332	199701	0.5697700959217562
(3.68, 3.7600000000000002)	3.68	3.7600000000000002	18287	1.0	0.93	9779.793159682395	217988	0.6219450261630727
(3.7600000000000002, 3.84)	3.7600000000000002	3.84	24615	1.0	0.95	12886.838566470471	242603	0.6921744737427745
(3.84, 3.92)	3.84	3.92	22422	1.0	0.97	11496.68857605181	265025	0.7561470381803969
(3.92, 4.0)	3.92	4.0	85469	1.0	0.99	42938.17497197341	350494	1.0
(5.0, 5.06)	5.0	5.06	51670	-0.75	1.2574999999999998	-20436.22243926014	51670	0.1474179743223966
(5.06, 5.12)	5.06	5.12	22396	-0.75	1.2725	-8753.521870054177	74066	0.21131526390870187
(5.12, 5.18)	5.12	5.18	17052	-0.75	1.2875	-6587.160411657819	91118	0.2599657631954351
(5.18, 5.24)	5.18	5.24	14967	-0.75	1.3025	-5715.144033724502	106085	0.3026676176890157
(5.24, 5.3)	5.24	5.3	12965	-0.75	1.3175	-4894.3165018653535	119050	0.33965763195435095
(5.3, 5.36)	5.3	5.36	11499	-0.75	1.3325	-4292.03257648614	130549	0.3724650499286733
(5.36, 5.42)	5.36	5.42	10236	-0.75	1.3475000000000001	-3778.084409760326	140785	0.40166904422253924
(5.42, 5.48)	5.42	5.48	9290	-0.75	1.3625	-3391.1683975314218	150075	0.4281740370898716
(5.48, 5.54)	5.48	5.54	8363	-0.75	1.3775	-3019.53899518495	158438	0.4520342368045649
(5.54, 5.6)	5.54	5.6	7804	-0.75	1.3925	-2787.354523988243	166242	0.47429957203994294
(5.6, 5.66)	5.6	5.66	7368	-0.75	1.4075	-2603.5826392119757	173610	0.495320970042796
(5.66, 5.72)	5.66	5.72	6844	-0.75	1.4224999999999999	-2392.9183447296627	180454	0.5148473609129814
(5.72, 5.78)	5.72	5.78	6624	-0.75	1.4375	-2291.831180523277	187078	0.5337460770328103
(5.78, 5.84)	5.78	5.84	6224	-0.75	1.4525000000000001	-2131.19700043882	193302	0.5515035663338088
(5.84, 5.9)	5.84	5.9	5856	-0.75	1.4675	-1984.6919649619467	199158	0.5682111269614836
(5.9, 5.96)	5.9	5.96	5673	-0.75	1.4825	-1903.2166782468926	204831	0.5843965763195436
(5.96, 6.02)	5.96	6.02	5400	-0.75	1.4975	-1793.4822468619395	210231	0.5998031383737518
(6.02, 6.08)	6.02	6.08	5088	-0.75	1.5125	-1673.099897627183	215319	0.6143195435092724
(6.08, 6.14)	6.08	6.14	4857	-0.75	1.5274999999999999	-1581.4557254446386	220176	0.6281768901569187
(6.14, 6.2)	6.14	6.2	4892	-0.75	1.5425	-1577.3621993629324	225068	0.6421340941512126
(6.2, 6.26)	6.2	6.26	4636	-0.75	1.5575	-1480.4219826926872	229704	0.655360912981455
(6.26, 6.32)	6.26	6.32	4568	-0.75	1.5725	-1444.792885619571	234272	0.6683937232524965
(6.32, 6.38)	6.32	6.38	4398	-0.75	1.5875	-1377.8807868467752	238670	0.680941512125535
(6.38, 6.4399999999999995)	6.38	6.4399999999999995	4113	-0.75	1.6025	-1276.529409003458	242783	0.6926761768901569
(6.4399999999999995, 6.5)	6.4399999999999995	6.5	4222	-0.75	1.6175	-1298.207437662237	247005	0.7047218259629101
(6.5, 6.5600000000000005)	6.5	6.5600000000000005	4250	-0.75	1.6325	-1294.8095485079425	251255	0.7168473609129814
(6.5600000000000005, 6.62)	6.5600000000000005	6.62	4164	-0.75	1.6475	-1257.058389671196	255419	0.7287275320970042
(6.62, 6.68)	6.62	6.68	3929	-0.75	1.6625	-1175.4131041504904	259348	0.7399372325249644
(6.68, 6.74)	6.68	6.74	3897	-0.75	1.6775	-1155.4150768053487	263245	0.751055634807418
(6.74, 6.8)	6.74	6.8	3896	-0.75	1.6925	-1144.8812006758349	267141	0.7621711840228246
(6.8, 6.859999999999999)	6.8	6.859999999999999	3878	-0.75	1.7075	-1129.5806539355317	271019	0.7732353780313838
(6.859999999999999, 6.92)	6.859999999999999	6.92	3831	-0.75	1.7225	-1106.1730533110333	274850	0.7841654778887304
(6.92, 6.98)	6.92	6.98	3669	-0.75	1.7375	-1050.250874467917	278519	0.7946333808844508
(6.98, 7.04)	6.98	7.04	3817	-0.75	1.7525	-1083.2639404097167	282336	0.8055235378031383
(7.04, 7.1)	7.04	7.1	3842	-0.75	1.7675	-1081.1055363491218	286178	0.8164850213980028
(7.1, 7.16)	7.1	7.16	3747	-0.75	1.7825	-1045.5006517625	289925	0.8271754636233951
(7.16, 7.22)	7.16	7.22	3729	-0.75	1.7974999999999999	-1031.7955194535427	293654	0.8378145506419401
(7.22, 7.279999999999999)	7.22	7.279999999999999	3773	-0.75	1.8125	-1035.3303453202204	297427	0.8485791726105564
(7.279999999999999, 7.34)	7.279999999999999	7.34	3737	-0.75	1.8275	-1017.0349219124602	301164	0.8592410841654778
(7.34, 7.4)	7.34	7.4	3794	-0.75	1.8425	-1024.1415435730098	304958	0.8700656205420827
(7.4, 7.46)	7.4	7.46	3900	-0.75	1.8575	-1044.253496060555	308858	0.8811925820256776
(7.46, 7.52)	7.46	7.52	3909	-0.75	1.8725	-1038.2788260117204	312767	0.8923452211126961
(7.52, 7.58)	7.52	7.58	3998	-0.75	1.8875	-1053.4792425188634	316765	0.9037517831669044
(7.58, 7.64)	7.58	7.64	4109	-0.75	1.9024999999999999	-1074.1912962624847	320874	0.9154750356633381
(7.64, 7.699999999999999)	7.64	7.699999999999999	4299	-0.75	1.9175	-1115.0702417732446	325173	0.9277403708987161
(7.699999999999999, 7.76)	7.699999999999999	7.76	4500	-0.75	1.9324999999999999	-1158.1456078808617	329673	0.9405791726105563
(7.76, 7.82)	7.76	7.82	4657	-0.75	1.9475	-1189.3205551651938	334330	0.9538659058487875
(7.82, 7.88)	7.82	7.88	4869	-0.75	1.9625	-1233.9576718382868	339199	0.9677574893009986
(7.88, 7.9399999999999995)	7.88	7.9399999999999995	5442	-0.75	1.9775	-1368.712389864259	344641	0.9832838801711841
(7.9399999999999995, 8.0)	7.9399999999999995	8.0	5859	-0.75	1.9925	-1462.4981360969352	350500	1.0
