Intervalo	Inicio	Fin	Count	Q	u/R	Sigma	q_Comulate	q/Q
(0.0, 0.04)	0.0	0.04	9	1.0	0.01	1790.4931097838225	9	0.00018
(0.04, 0.08)	0.04	0.08	20	1.0	0.03	1326.291192432461	29	0.00058
(0.08, 0.12)	0.08	0.12	29	1.0	0.05	1153.8733374162412	58	0.00116
(0.12, 0.16)	0.12	0.16	46	1.0	0.07	1307.3441753977115	104	0.00208
(0.16, 0.2)	0.16	0.2	73	1.0	0.09	1613.6542841261605	177	0.00354
(0.2, 0.24)	0.2	0.24	80	1.0	0.11	1446.8631190172312	257	0.00514
(0.24, 0.28)	0.24	0.28	102	1.0	0.13	1560.9427110935878	359	0.00718
(0.28, 0.32)	0.28	0.32	129	1.0	0.15000000000000002	1710.9156382378756	488	0.00976
(0.32, 0.36)	0.32	0.36	136	1.0	0.16999999999999998	1591.5494309189542	624	0.01248
(0.36, 0.4)	0.36	0.4	138	1.0	0.19	1444.9593517553637	762	0.01524
(0.4, 0.44)	0.4	0.44	168	1.0	0.21000000000000002	1591.5494309189553	930	0.0186
(0.44, 0.48)	0.44	0.48	178	1.0	0.22999999999999998	1539.6510799107266	1108	0.02216
(0.48, 0.52)	0.48	0.52	170	1.0	0.25	1352.817016281109	1278	0.02556
(0.52, 0.56)	0.52	0.56	188	1.0	0.27	1385.237467651681	1466	0.02932
(0.56, 0.6)	0.56	0.6	212	1.0	0.29000000000000004	1454.3468937707696	1678	0.03356
(0.6, 0.64)	0.6	0.64	242	1.0	0.31	1553.0442027515583	1920	0.0384
(0.64, 0.68)	0.64	0.68	256	1.0	0.33	1543.3206602850437	2176	0.04352
(0.68, 0.72)	0.68	0.72	299	1.0	0.35	1699.5474280170288	2475	0.0495
(0.72, 0.76)	0.72	0.76	259	1.0	0.37	1392.6057520540835	2734	0.05468
(0.76, 0.8)	0.76	0.8	332	1.0	0.39	1693.571830336832	3066	0.06132
(0.8, 0.84)	0.8	0.84	337	1.0	0.41000000000000003	1635.219994572223	3403	0.06806
(0.84, 0.88)	0.84	0.88	328	1.0	0.43	1517.5238759924887	3731	0.07462
(0.88, 0.92)	0.88	0.92	379	1.0	0.45	1675.547873106341	4110	0.0822
(0.92, 0.96)	0.92	0.96	388	1.0	0.47	1642.3435616929642	4498	0.08996
(0.96, 1.0)	0.96	1.0	413	1.0	0.49	1676.8110075753254	4911	0.09822
(1.0, 1.04)	1.0	1.04	465	1.0	0.51	1813.8982484738046	5376	0.10752
(1.04, 1.08)	1.04	1.08	461	1.0	0.53	1730.4346406925415	5837	0.11674
(1.08, 1.12)	1.08	1.12	501	1.0	0.55	1812.1960565690795	6338	0.12676
(1.12, 1.16)	1.12	1.16	541	1.0	0.5700000000000001	1888.2198292262203	6879	0.13758
(1.16, 1.2)	1.16	1.2	519	1.0	0.59	1750.0299886587638	7398	0.14796
(1.2, 1.24)	1.2	1.24	603	1.0	0.61	1966.6071861559994	8001	0.16002
(1.24, 1.28)	1.24	1.28	662	1.0	0.63	2090.4875461673555	8663	0.17326
(1.28, 1.32)	1.28	1.32	709	1.0	0.65	2170.0164356183404	9372	0.18744
(1.32, 1.36)	1.32	1.36	690	1.0	0.67	2048.8229614441716	10062	0.20124
(1.36, 1.4000000000000001)	1.36	1.4000000000000001	753	1.0	0.6900000000000001	2171.0810171774842	10815	0.2163
(1.4000000000000001, 1.44)	1.4000000000000001	1.44	852	1.0	0.71	2387.324146378441	11667	0.23334
(1.44, 1.48)	1.44	1.48	906	1.0	0.73	2469.0818226242664	12573	0.25146
(1.48, 1.52)	1.48	1.52	1059	1.0	0.75	2809.0847455719504	13632	0.27264
(1.52, 1.56)	1.52	1.56	1089	1.0	0.77	2813.632029660288	14721	0.29442
(1.56, 1.6)	1.56	1.6	1078	1.0	0.79	2714.699820459854	15799	0.31598
(1.6, 1.6400000000000001)	1.6	1.6400000000000001	1149	1.0	0.81	2822.0529261201827	16948	0.33896
(1.6400000000000001, 1.68)	1.6400000000000001	1.68	1256	1.0	0.8300000000000001	3010.5212127021364	18204	0.36408
(1.68, 1.72)	1.68	1.72	1279	1.0	0.85	2993.517238449029	19483	0.38966
(1.72, 1.76)	1.72	1.76	1165	1.0	0.87	2664.015929627267	20648	0.41296
(1.76, 1.8)	1.76	1.8	1029	1.0	0.89	2300.146579235393	21677	0.43354
(1.8, 1.84)	1.8	1.84	1285	1.0	0.91	2809.259641113813	22962	0.45924
(1.84, 1.8800000000000001)	1.84	1.8800000000000001	1872	1.0	0.93	4004.543729408966	24834	0.49668
(1.8800000000000001, 1.92)	1.8800000000000001	1.92	3360	1.0	0.95	7036.32379985225	28194	0.56388
(1.92, 1.96)	1.92	1.96	6713	1.0	0.97	13768.133156905862	34907	0.69814
(1.96, 2.0)	1.96	2.0	15093	1.0	0.99	30329.86813239863	50000	1.0
(2.5, 2.53)	2.5	2.53	6893	-1.0	1.2574999999999998	-14540.159347017108	6893	0.13786
(2.53, 2.56)	2.53	2.56	4541	-1.0	1.2725	-9465.914820959937	11434	0.22868
(2.56, 2.59)	2.56	2.59	3302	-1.0	1.2875	-6802.972454232267	14736	0.29472
(2.59, 2.62)	2.59	2.62	2451	-1.0	1.3025	-4991.538906183383	17187	0.34374
(2.62, 2.65)	2.62	2.65	1871	-1.0	1.3175	-3766.968988297756	19058	0.38116
(2.65, 2.68)	2.65	2.68	1554	-1.0	1.3325	-3093.5182184465716	20612	0.41224
(2.68, 2.71)	2.68	2.71	1217	-1.0	1.3475000000000001	-2395.6903616924924	21829	0.43658
(2.71, 2.74)	2.71	2.74	1062	-1.0	1.3625	-2067.5541231020425	22891	0.45782
(2.74, 2.77)	2.74	2.77	957	-1.0	1.3775	-1842.8467094851112	23848	0.47696
(2.77, 2.8)	2.77	2.8	818	-1.0	1.3925	-1558.2135661181499	24666	0.49332
(2.8, 2.83)	2.8	2.83	749	-1.0	1.4075	-1411.569595924553	25415	0.5083
(2.83, 2.86)	2.83	2.86	698	-1.0	1.4224999999999999	-1301.5834830479678	26113	0.52226
(2.86, 2.89)	2.86	2.89	700	-1.0	1.4375	-1291.692291760301	26813	0.53626
(2.89, 2.92)	2.89	2.92	639	-1.0	1.4525000000000001	-1166.9536274896366	27452	0.54904
(2.92, 2.95)	2.92	2.95	669	-1.0	1.4675	-1209.2522081598747	28121	0.56242
(2.95, 2.98)	2.95	2.98	608	-1.0	1.4825	-1087.871898818131	28729	0.57458
(2.98, 3.01)	2.98	3.01	558	-1.0	1.4975	-988.4079938261356	29287	0.58574
(3.01, 3.04)	3.01	3.04	576	-1.0	1.5125	-1010.1735230956577	29863	0.59726
(3.04, 3.07)	3.04	3.07	553	-1.0	1.5274999999999999	-960.3129681376818	30416	0.60832
(3.07, 3.1)	3.07	3.1	545	-1.0	1.5425	-937.217114911745	30961	0.61922
(3.1, 3.13)	3.1	3.13	579	-1.0	1.5575	-986.096437134387	31540	0.6308
(3.13, 3.16)	3.13	3.16	582	-1.0	1.5725	-981.7506823474494	32122	0.64244
(3.16, 3.19)	3.16	3.19	535	-1.0	1.5875	-893.941150174958	32657	0.65314
(3.19, 3.2199999999999998)	3.19	3.2199999999999998	530	-1.0	1.6025	-877.2971382080659	33187	0.66374
(3.2199999999999998, 3.25)	3.2199999999999998	3.25	588	-1.0	1.6175	-964.2772440807142	33775	0.6755
(3.25, 3.2800000000000002)	3.25	3.2800000000000002	511	-1.0	1.6325	-830.3029700863481	34286	0.68572
(3.2800000000000002, 3.31)	3.2800000000000002	3.31	566	-1.0	1.6475	-911.2968921599704	34852	0.69704
(3.31, 3.34)	3.31	3.34	550	-1.0	1.6625	-877.5460521357695	35402	0.70804
(3.34, 3.37)	3.34	3.37	550	-1.0	1.6775	-869.6991425786562	35952	0.71904
(3.37, 3.4)	3.37	3.4	537	-1.0	1.6925	-841.6169811949669	36489	0.72978
(3.4, 3.4299999999999997)	3.4	3.4299999999999997	539	-1.0	1.7075	-837.3305449149068	37028	0.74056
(3.4299999999999997, 3.46)	3.4299999999999997	3.46	527	-1.0	1.7225	-811.5593131052495	37555	0.7511
(3.46, 3.49)	3.46	3.49	557	-1.0	1.7375	-850.3530292775575	38112	0.76224
(3.49, 3.52)	3.49	3.52	531	-1.0	1.7525	-803.7211106209897	38643	0.77286
(3.52, 3.55)	3.52	3.55	530	-1.0	1.7675	-795.3995270033448	39173	0.78346
(3.55, 3.58)	3.55	3.58	526	-1.0	1.7825	-782.7536238086647	39699	0.79398
(3.58, 3.61)	3.58	3.61	541	-1.0	1.7974999999999999	-798.3572017868835	40240	0.8048
(3.61, 3.6399999999999997)	3.61	3.6399999999999997	593	-1.0	1.8125	-867.8517816413332	40833	0.81666
(3.6399999999999997, 3.67)	3.6399999999999997	3.67	614	-1.0	1.8275	-891.2096220558388	41447	0.82894
(3.67, 3.7)	3.67	3.7	669	-1.0	1.8425	-963.1357478831045	42116	0.84232
(3.7, 3.73)	3.7	3.73	629	-1.0	1.8575	-898.2365114831989	42745	0.8549
(3.73, 3.76)	3.73	3.76	666	-1.0	1.8725	-943.4552033751934	43411	0.86822
(3.76, 3.79)	3.76	3.79	682	-1.0	1.8875	-958.4430127035048	44093	0.88186
(3.79, 3.82)	3.79	3.82	772	-1.0	1.9024999999999999	-1076.3698297585959	44865	0.8973
(3.82, 3.8499999999999996)	3.82	3.8499999999999996	768	-1.0	1.9175	-1062.4163085143543	45633	0.91266
(3.8499999999999996, 3.88)	3.8499999999999996	3.88	814	-1.0	1.9324999999999999	-1117.310251632618	46447	0.92894
(3.88, 3.91)	3.88	3.91	819	-1.0	1.9475	-1115.5147487570468	47266	0.94532
(3.91, 3.94)	3.91	3.94	871	-1.0	1.9625	-1177.2735068623513	48137	0.96274
(3.94, 3.9699999999999998)	3.94	3.9699999999999998	878	-1.0	1.9775	-1177.7331650626677	49015	0.9803
(3.9699999999999998, 4.0)	3.9699999999999998	4.0	985	-1.0	1.9925	-1311.3142529946917	50000	1.0
