Intervalo	Inicio	Fin	Count	Q	u/R	Sigma	q_Comulate	q/Q
(0.0, 0.08)	0.0	0.08	1	1.0	0.01	0.0331351896843553	1	8.333333333333333e-05
(0.08, 0.16)	0.08	0.16	1	1.0	0.03	0.01104506322811843	2	0.00016666666666666666
(0.16, 0.24)	0.16	0.24	5	1.0	0.05	0.03313518968435529	7	0.0005833333333333334
(0.24, 0.32)	0.24	0.32	5	1.0	0.07	0.023667992631682348	12	0.001
(0.32, 0.4)	0.32	0.4	9	1.0	0.09	0.033135189684355276	21	0.00175
(0.4, 0.48)	0.4	0.48	8	1.0	0.11	0.024098319770440225	29	0.002416666666666667
(0.48, 0.56)	0.48	0.56	25	1.0	0.13	0.06372151862376013	54	0.0045
(0.56, 0.64)	0.56	0.64	14	1.0	0.15000000000000002	0.030926177038731618	68	0.005666666666666667
(0.64, 0.72)	0.64	0.72	10	1.0	0.16999999999999998	0.019491288049620772	78	0.0065
(0.72, 0.8)	0.72	0.8	12	1.0	0.19	0.020927488221698053	90	0.0075
(0.8, 0.88)	0.8	0.88	23	1.0	0.21000000000000002	0.036290922035246316	113	0.009416666666666667
(0.88, 0.96)	0.88	0.96	22	1.0	0.22999999999999998	0.03169452926329636	135	0.01125
(0.96, 1.04)	0.96	1.04	25	1.0	0.25	0.03313518968435526	160	0.013333333333333334
(1.04, 1.12)	1.04	1.12	20	1.0	0.27	0.02454458495137428	180	0.015
(1.12, 1.2)	1.12	1.2	28	1.0	0.29000000000000004	0.03199259693661895	208	0.017333333333333333
(1.2, 1.28)	1.2	1.28	24	1.0	0.31	0.025653050078210532	232	0.019333333333333334
(1.28, 1.36)	1.28	1.36	39	1.0	0.33	0.039159769626965296	271	0.022583333333333334
(1.36, 1.44)	1.36	1.44	27	1.0	0.35	0.025561432042216992	298	0.024833333333333332
(1.44, 1.52)	1.44	1.52	37	1.0	0.37	0.033135189684355276	335	0.027916666666666666
(1.52, 1.6)	1.52	1.6	30	1.0	0.39	0.02548860744950402	365	0.030416666666666668
(1.6, 1.68)	1.6	1.68	44	1.0	0.41000000000000003	0.035559715758820436	409	0.034083333333333334
(1.68, 1.76)	1.68	1.76	37	1.0	0.43	0.028511674844677776	446	0.03716666666666667
(1.76, 1.84)	1.76	1.84	37	1.0	0.45	0.027244489296025437	483	0.04025
(1.84, 1.92)	1.84	1.92	30	1.0	0.47	0.021150121075120418	513	0.04275
(1.92, 2.0)	1.92	2.0	37	1.0	0.49	0.025020449353492763	550	0.04583333333333333
(2.0, 2.08)	2.0	2.08	43	1.0	0.51	0.02793751287112305	593	0.049416666666666664
(2.08, 2.16)	2.08	2.16	39	1.0	0.53	0.024382498069619937	632	0.05266666666666667
(2.16, 2.24)	2.16	2.24	41	1.0	0.55	0.024700777764701195	673	0.05608333333333333
(2.24, 2.32)	2.24	2.32	49	1.0	0.5700000000000001	0.02848463674620025	722	0.06016666666666667
(2.32, 2.4)	2.32	2.4	62	1.0	0.59	0.03482002983779708	784	0.06533333333333333
(2.4, 2.48)	2.4	2.48	44	1.0	0.61	0.023900792559207063	828	0.069
(2.48, 2.56)	2.48	2.56	62	1.0	0.63	0.03260923429254013	890	0.07416666666666667
(2.56, 2.64)	2.56	2.64	66	1.0	0.65	0.033644961833345345	956	0.07966666666666666
(2.64, 2.72)	2.64	2.72	64	1.0	0.67	0.031651524474607985	1020	0.085
(2.72, 2.8000000000000003)	2.72	2.8000000000000003	62	1.0	0.6900000000000001	0.029773648701884453	1082	0.09016666666666667
(2.8000000000000003, 2.88)	2.8000000000000003	2.88	98	1.0	0.71	0.045735895620659626	1180	0.09833333333333333
(2.88, 2.96)	2.88	2.96	103	1.0	0.73	0.04675239092450129	1283	0.10691666666666666
(2.96, 3.04)	2.96	3.04	99	1.0	0.75	0.043738450383348955	1382	0.11516666666666667
(3.04, 3.12)	3.04	3.12	121	1.0	0.77	0.052069583789701085	1503	0.12525
(3.12, 3.2)	3.12	3.2	165	1.0	0.79	0.06920640883441279	1668	0.139
(3.2, 3.2800000000000002)	3.2	3.2800000000000002	212	1.0	0.81	0.08672420016152253	1880	0.15666666666666668
(3.2800000000000002, 3.36)	3.2800000000000002	3.36	234	1.0	0.8300000000000001	0.09341728176071311	2114	0.17616666666666667
(3.36, 3.44)	3.36	3.44	281	1.0	0.85	0.10954103883886857	2395	0.19958333333333333
(3.44, 3.52)	3.44	3.52	434	1.0	0.87	0.16529508417253075	2829	0.23575
(3.52, 3.6)	3.52	3.6	529	1.0	0.89	0.1969496105957743	3358	0.2798333333333333
(3.6, 3.68)	3.6	3.68	706	1.0	0.91	0.25707081227642686	4064	0.33866666666666667
(3.68, 3.7600000000000002)	3.68	3.7600000000000002	999	1.0	0.93	0.3559360698351702	5063	0.42191666666666666
(3.7600000000000002, 3.84)	3.7600000000000002	3.84	1365	1.0	0.95	0.4761003570436337	6428	0.5356666666666666
(3.84, 3.92)	3.84	3.92	2234	1.0	0.97	0.7631341624211322	8662	0.7218333333333333
(3.92, 4.0)	3.92	4.0	3338	1.0	0.99	1.1172248804684621	12000	1.0
(5.0, 5.06)	5.0	5.06	2117	-1.0	1.2574999999999998	-0.7437741186139754	2117	0.17641666666666667
(5.06, 5.12)	5.06	5.12	1569	-1.0	1.2725	-0.5447451223549764	3686	0.30716666666666664
(5.12, 5.18)	5.12	5.18	1146	-1.0	1.2875	-0.39324714437044894	4832	0.4026666666666667
(5.18, 5.24)	5.18	5.24	873	-1.0	1.3025	-0.2961179331484772	5705	0.47541666666666665
(5.24, 5.3)	5.24	5.3	713	-1.0	1.3175	-0.23909313340868246	6418	0.5348333333333334
(5.3, 5.36)	5.3	5.36	558	-1.0	1.3325	-0.1850099896822525	6976	0.5813333333333334
(5.36, 5.42)	5.36	5.42	471	-1.0	1.3475000000000001	-0.15442596750853635	7447	0.6205833333333334
(5.42, 5.48)	5.42	5.48	411	-1.0	1.3625	-0.1332703408956081	7858	0.6548333333333334
(5.48, 5.54)	5.48	5.54	333	-1.0	1.3775	-0.10680235368314925	8191	0.6825833333333333
(5.54, 5.6)	5.54	5.6	280	-1.0	1.3925	-0.08883641519204839	8471	0.7059166666666666
(5.6, 5.66)	5.6	5.66	261	-1.0	1.4075	-0.0819257265375171	8732	0.7276666666666667
(5.66, 5.72)	5.66	5.72	231	-1.0	1.4224999999999999	-0.07174438258545893	8963	0.7469166666666667
(5.72, 5.78)	5.72	5.78	189	-1.0	1.4375	-0.058087428177095474	9152	0.7626666666666667
(5.78, 5.84)	5.78	5.84	184	-1.0	1.4525000000000001	-0.055966723138693435	9336	0.778
(5.84, 5.9)	5.84	5.9	167	-1.0	1.4675	-0.050276676227482386	9503	0.7919166666666667
(5.9, 5.96)	5.9	5.96	137	-1.0	1.4825	-0.0408276198921344	9640	0.8033333333333333
(5.96, 6.02)	5.96	6.02	131	-1.0	1.4975	-0.038648501713082484	9771	0.81425
(6.02, 6.08)	6.02	6.08	102	-1.0	1.5125	-0.02979428626163492	9873	0.82275
(6.08, 6.14)	6.08	6.14	101	-1.0	1.5274999999999999	-0.02921247492085019	9974	0.8311666666666667
(6.14, 6.2)	6.14	6.2	104	-1.0	1.5425	-0.02978765836562215	10078	0.8398333333333333
(6.2, 6.26)	6.2	6.26	135	-1.0	1.5575	-0.03829428021305953	10213	0.8510833333333333
(6.26, 6.32)	6.26	6.32	94	-1.0	1.5725	-0.026409817321287596	10307	0.8589166666666667
(6.32, 6.38)	6.32	6.38	96	-1.0	1.5875	-0.026716877351795367	10403	0.8669166666666667
(6.38, 6.4399999999999995)	6.38	6.4399999999999995	82	-1.0	1.6025	-0.022607056092498523	10485	0.87375
(6.4399999999999995, 6.5)	6.4399999999999995	6.5	78	-1.0	1.6175	-0.021304851481749047	10563	0.88025
(6.5, 6.5600000000000005)	6.5	6.5600000000000005	96	-1.0	1.6325	-0.02598042437731969	10659	0.88825
(6.5600000000000005, 6.62)	6.5600000000000005	6.62	64	-1.0	1.6475	-0.017162586867364663	10723	0.8935833333333333
(6.62, 6.68)	6.62	6.68	80	-1.0	1.6625	-0.021259670574423586	10803	0.90025
(6.68, 6.74)	6.68	6.74	94	-1.0	1.6775	-0.024756743807883737	10897	0.9080833333333334
(6.74, 6.8)	6.74	6.8	66	-1.0	1.6925	-0.017228340869857035	10963	0.9135833333333333
(6.8, 6.859999999999999)	6.8	6.859999999999999	61	-1.0	1.7075	-0.01578328215321181	11024	0.9186666666666666
(6.859999999999999, 6.92)	6.859999999999999	6.92	56	-1.0	1.7225	-0.014363391367770624	11080	0.9233333333333333
(6.92, 6.98)	6.92	6.98	76	-1.0	1.7375	-0.01932488760488052	11156	0.9296666666666666
(6.98, 7.04)	6.98	7.04	53	-1.0	1.7525	-0.013361217713900858	11209	0.9340833333333334
(7.04, 7.1)	7.04	7.1	57	-1.0	1.7675	-0.014247662891151388	11266	0.9388333333333333
(7.1, 7.16)	7.1	7.16	62	-1.0	1.7825	-0.01536704449129516	11328	0.944
(7.16, 7.22)	7.16	7.22	44	-1.0	1.7974999999999999	-0.010814637708755737	11372	0.9476666666666667
(7.22, 7.279999999999999)	7.22	7.279999999999999	47	-1.0	1.8125	-0.011456396617303658	11419	0.9515833333333333
(7.279999999999999, 7.34)	7.279999999999999	7.34	48	-1.0	1.8275	-0.01160411567605317	11467	0.9555833333333333
(7.34, 7.4)	7.34	7.4	55	-1.0	1.8425	-0.013188135197753253	11522	0.9601666666666666
(7.4, 7.46)	7.4	7.46	42	-1.0	1.8575	-0.009989613040774713	11564	0.9636666666666667
(7.46, 7.52)	7.46	7.52	42	-1.0	1.8725	-0.009909589438311927	11606	0.9671666666666666
(7.52, 7.58)	7.52	7.58	47	-1.0	1.8875	-0.011001175559662261	11653	0.9710833333333333
(7.58, 7.64)	7.58	7.64	53	-1.0	1.9024999999999999	-0.012307770850781167	11706	0.9755
(7.64, 7.699999999999999)	7.64	7.699999999999999	53	-1.0	1.9175	-0.012211491026655143	11759	0.9799166666666667
(7.699999999999999, 7.76)	7.699999999999999	7.76	48	-1.0	1.9324999999999999	-0.0109736203870568	11807	0.9839166666666667
(7.76, 7.82)	7.76	7.82	42	-1.0	1.9475	-0.009527962117195775	11849	0.9874166666666667
(7.82, 7.88)	7.82	7.88	63	-1.0	1.9625	-0.014182705393558549	11912	0.9926666666666667
(7.88, 7.9399999999999995)	7.88	7.9399999999999995	44	-1.0	1.9775	-0.00983024590720032	11956	0.9963333333333333
(7.9399999999999995, 8.0)	7.9399999999999995	8.0	44	-1.0	1.9925	-0.009756241546543665	12000	1.0
