Intervalo	Inicio	Fin	Count	Q	u/R	Sigma	q_Comulate	q/Q
(0.0, 0.04)	0.0	0.04	67	1.0	0.01	1.3327893694576778	67	0.0001339879410853023
(0.04, 0.08)	0.04	0.08	187	1.0	0.03	1.2399582690974413	254	0.0005079542841144297
(0.08, 0.12)	0.08	0.12	316	1.0	0.05	1.2571983305929137	570	0.001139897409233169
(0.12, 0.16)	0.12	0.16	462	1.0	0.07	1.3128969908090553	1032	0.0020638142567168953
(0.16, 0.2)	0.16	0.2	588	1.0	0.09	1.2996354050433072	1620	0.0032397084262416383
(0.2, 0.24)	0.2	0.24	741	1.0	0.11	1.3400229616935408	2361	0.004721575058244758
(0.24, 0.28)	0.24	0.28	836	1.0	0.13	1.2792329654036942	3197	0.006393424591786739
(0.28, 0.32)	0.28	0.32	979	1.0	0.15000000000000002	1.2983092464667332	4176	0.008351248387645113
(0.32, 0.36)	0.32	0.36	1124	1.0	0.16999999999999998	1.3152372706500708	5300	0.010599046085852274
(0.36, 0.4)	0.36	0.4	1233	1.0	0.19	1.29091067756584	6533	0.013064824165825075
(0.4, 0.44)	0.4	0.44	1451	1.0	0.21000000000000002	1.3744686390071732	7984	0.015966563009329162
(0.44, 0.48)	0.44	0.48	1521	1.0	0.22999999999999998	1.3154916488936585	9505	0.019008289253967144
(0.48, 0.52)	0.48	0.52	1685	1.0	0.25	1.340746320917125	11190	0.022377985981261686
(0.52, 0.56)	0.52	0.56	1875	1.0	0.27	1.3814151839320865	13065	0.026127648511633954
(0.56, 0.6)	0.56	0.6	2009	1.0	0.29000000000000004	1.378061679485578	15074	0.030145286924176826
(0.6, 0.64)	0.6	0.64	2137	1.0	0.31	1.3712907474872678	17211	0.03441890229879311
(0.64, 0.68)	0.64	0.68	2303	1.0	0.33	1.3882469099326222	19514	0.03902448779609835
(0.68, 0.72)	0.68	0.72	2407	1.0	0.35	1.3680272973495253	21921	0.04383805457508824
(0.72, 0.76)	0.72	0.76	2589	1.0	0.37	1.391928873548175	24510	0.04901558859702627
(0.76, 0.8)	0.76	0.8	2836	1.0	0.39	1.446532970448514	27346	0.054687078162965336
(0.8, 0.84)	0.8	0.84	3077	1.0	0.41000000000000003	1.4928987585807385	30423	0.06084052435280825
(0.84, 0.88)	0.84	0.88	3213	1.0	0.43	1.486377037163316	33636	0.06726594606485416
(0.88, 0.92)	0.88	0.92	3307	1.0	0.45	1.4618688042442907	36943	0.07387935085842275
(0.92, 0.96)	0.92	0.96	3543	1.0	0.47	1.499546756426979	40486	0.08096471317581418
(0.96, 1.0)	0.96	1.0	3823	1.0	0.49	1.5520115015037161	44309	0.0886100250977412
(1.0, 1.04)	1.0	1.04	4000	1.0	0.51	1.5601865606762375	48309	0.09660930516253537
(1.04, 1.08)	1.04	1.08	4036	1.0	0.53	1.5148234004875212	52345	0.10468057874791269
(1.08, 1.12)	1.08	1.12	4366	1.0	0.55	1.5790931850887966	56711	0.11341179293863553
(1.12, 1.16)	1.12	1.16	4523	1.0	0.5700000000000001	1.5784776952231199	61234	0.12245697887190153
(1.16, 1.2)	1.16	1.2	5001	1.0	0.59	1.686131959690828	66235	0.13245807877291044
(1.2, 1.24)	1.2	1.24	5271	1.0	0.61	1.7188971779817495	71506	0.14299913007829296
(1.24, 1.28)	1.24	1.28	5803	1.0	0.63	1.8323090999675202	77309	0.15460408563229308
(1.28, 1.32)	1.28	1.32	6388	1.0	0.65	1.954961766267655	83697	0.16737893589576938
(1.32, 1.36)	1.32	1.36	6752	1.0	0.67	2.0046767259029235	90449	0.18088172064514194
(1.36, 1.4000000000000001)	1.36	1.4000000000000001	7507	1.0	0.6900000000000001	2.164233137901532	97956	0.19589436950674438
(1.4000000000000001, 1.44)	1.4000000000000001	1.44	8194	1.0	0.71	2.295748600659294	106150	0.21228089471947525
(1.44, 1.48)	1.44	1.48	8881	1.0	0.73	2.4200577366905818	115031	0.2300412962833345
(1.48, 1.52)	1.48	1.52	9358	1.0	0.75	2.4820383919174005	124389	0.24875561199492047
(1.52, 1.56)	1.52	1.56	9636	1.0	0.77	2.4893890994561274	134025	0.2680258776710096
(1.56, 1.6)	1.56	1.6	9600	1.0	0.79	2.417301709199637	143625	0.2872241498265156
(1.6, 1.6400000000000001)	1.6	1.6400000000000001	9383	1.0	0.81	2.3043233192595163	153008	0.3059884610385065
(1.6400000000000001, 1.68)	1.6400000000000001	1.68	8910	1.0	0.8300000000000001	2.13543486456896	161918	0.32380685738283554
(1.68, 1.72)	1.68	1.72	7803	1.0	0.85	1.826120359943503	169721	0.33941145296923275
(1.72, 1.76)	1.72	1.76	6437	1.0	0.87	1.471807371967586	176158	0.3522842944135028
(1.76, 1.8)	1.76	1.8	5400	1.0	0.89	1.2069533112647064	181558	0.3630833225009749
(1.8, 1.84)	1.8	1.84	6910	1.0	0.91	1.510509191889873	188468	0.3769020788129068
(1.84, 1.8800000000000001)	1.84	1.8800000000000001	11748	1.0	0.93	2.512856606064636	200216	0.4003959643632073
(1.8800000000000001, 1.92)	1.8800000000000001	1.92	26565	1.0	0.95	5.562537250533132	226781	0.4535211830935216
(1.92, 1.96)	1.92	1.96	72430	1.0	0.97	14.853659644532964	299211	0.598368146866782
(1.96, 2.0)	1.96	2.0	200834	1.0	0.99	40.35420175270055	500045	1.0
(2.5, 2.53)	2.5	2.53	79310	-1.0	1.2574999999999998	-16.728053551991774	79310	0.1586041395860414
(2.53, 2.56)	2.53	2.56	66517	-1.0	1.2725	-13.864375644483388	145827	0.29162483751624835
(2.56, 2.59)	2.56	2.59	45320	-1.0	1.2875	-9.336156379086693	191147	0.38225577442255776
(2.59, 2.62)	2.59	2.62	29800	-1.0	1.3025	-6.068257287052396	220947	0.4418498150184981
(2.62, 2.65)	2.62	2.65	19987	-1.0	1.3175	-4.02367081138531	240934	0.4818198180181982
(2.65, 2.68)	2.65	2.68	13928	-1.0	1.3325	-2.772343212687988	254862	0.5096730326967304
(2.68, 2.71)	2.68	2.71	10398	-1.0	1.3475000000000001	-2.0466637297550885	265260	0.5304669533046695
(2.71, 2.74)	2.71	2.74	7922	-1.0	1.3625	-1.542139925669804	273182	0.5463093690630937
(2.74, 2.77)	2.74	2.77	6567	-1.0	1.3775	-1.264447676568678	279749	0.5594420557944205
(2.77, 2.8)	2.77	2.8	5773	-1.0	1.3925	-1.0995925978551386	285522	0.5709869013098691
(2.8, 2.83)	2.8	2.83	5333	-1.0	1.4075	-1.0049596715983464	290855	0.5816518348165184
(2.83, 2.86)	2.83	2.86	5019	-1.0	1.4224999999999999	-0.9358158025770131	295874	0.5916888311168883
(2.86, 2.89)	2.86	2.89	4846	-1.0	1.4375	-0.8941307077678544	300720	0.6013798620137987
(2.89, 2.92)	2.89	2.92	4688	-1.0	1.4525000000000001	-0.8560456326310119	305408	0.6107549245075492
(2.92, 2.95)	2.92	2.95	4700	-1.0	1.4675	-0.8494644374652836	310108	0.6201539846015398
(2.95, 2.98)	2.95	2.98	4541	-1.0	1.4825	-0.8124230821215794	314649	0.6292350764923508
(2.98, 3.01)	2.98	3.01	4527	-1.0	1.4975	-0.8018056595865352	319176	0.6382881711828817
(3.01, 3.04)	3.01	3.04	4543	-1.0	1.5125	-0.7966596249096571	323719	0.6473732626737326
(3.04, 3.07)	3.04	3.07	4472	-1.0	1.5274999999999999	-0.7765081707944419	328191	0.6563163683631636
(3.07, 3.1)	3.07	3.1	4428	-1.0	1.5425	-0.7613912709333116	332619	0.6651714828517148
(3.1, 3.13)	3.1	3.13	4455	-1.0	1.5575	-0.758656367080683	337074	0.6740805919408059
(3.13, 3.16)	3.13	3.16	4424	-1.0	1.5725	-0.7461908480466586	341498	0.6829277072292771
(3.16, 3.19)	3.16	3.19	4505	-1.0	1.5875	-0.7526733086575802	346003	0.691936806319368
(3.19, 3.2199999999999998)	3.19	3.2199999999999998	4388	-1.0	1.6025	-0.726263193012207	350391	0.7007119288071193
(3.2199999999999998, 3.25)	3.2199999999999998	3.25	4333	-1.0	1.6175	-0.7105094420152771	354724	0.7093770622937706
(3.25, 3.2800000000000002)	3.25	3.2800000000000002	4346	-1.0	1.6325	-0.70609313002071	359070	0.7180681931806819
(3.2800000000000002, 3.31)	3.2800000000000002	3.31	4285	-1.0	1.6475	-0.6898439454474117	363355	0.7266373362663734
(3.31, 3.34)	3.31	3.34	4366	-1.0	1.6625	-0.6965423573324067	367721	0.7353684631536846
(3.34, 3.37)	3.34	3.37	4325	-1.0	1.6775	-0.6838313971607726	372046	0.744017598240176
(3.37, 3.4)	3.37	3.4	4414	-1.0	1.6925	-0.6917180451404736	376460	0.7528447155284471
(3.4, 3.4299999999999997)	3.4	3.4299999999999997	4331	-1.0	1.7075	-0.6727487900609681	380791	0.7615058494150585
(3.4299999999999997, 3.46)	3.4299999999999997	3.46	4571	-1.0	1.7225	-0.7038456723974843	385362	0.7706469353064693
(3.46, 3.49)	3.46	3.49	4657	-1.0	1.7375	-0.710897322717564	390019	0.7799600039996001
(3.49, 3.52)	3.49	3.52	4606	-1.0	1.7525	-0.6970940261002673	394625	0.7891710828917108
(3.52, 3.55)	3.52	3.55	4878	-1.0	1.7675	-0.7319945161563686	399503	0.7989261073892611
(3.55, 3.58)	3.55	3.58	4997	-1.0	1.7825	-0.7435415884593856	404500	0.8089191080891911
(3.58, 3.61)	3.58	3.61	5164	-1.0	1.7974999999999999	-0.7619786246934394	409664	0.8192460753924607
(3.61, 3.6399999999999997)	3.61	3.6399999999999997	5323	-1.0	1.8125	-0.7789398182739596	414987	0.8298910108989102
(3.6399999999999997, 3.67)	3.6399999999999997	3.67	5520	-1.0	1.8275	-0.8011376572030469	420507	0.840929907009299
(3.67, 3.7)	3.67	3.7	5782	-1.0	1.8425	-0.8323309513981503	426289	0.8524927507249275
(3.7, 3.73)	3.7	3.73	5901	-1.0	1.8575	-0.8426015354366562	432190	0.8642935706429357
(3.73, 3.76)	3.73	3.76	6227	-1.0	1.8725	-0.8820282463371275	438417	0.8767463253674632
(3.76, 3.79)	3.76	3.79	6406	-1.0	1.8875	-0.900171850759008	444823	0.8895570442955705
(3.79, 3.82)	3.79	3.82	6906	-1.0	1.9024999999999999	-0.9627806706781217	451729	0.9033676632336767
(3.82, 3.8499999999999996)	3.82	3.8499999999999996	7223	-1.0	1.9175	-0.9990970950299737	458952	0.9178122187781221
(3.8499999999999996, 3.88)	3.8499999999999996	3.88	7334	-1.0	1.9324999999999999	-1.0065766624165127	466286	0.9324787521247875
(3.88, 3.91)	3.88	3.91	7971	-1.0	1.9475	-1.08557740835714	474257	0.9484191580841915
(3.91, 3.94)	3.91	3.94	8269	-1.0	1.9625	-1.1175546771665867	482526	0.964955504449555
(3.94, 3.9699999999999998)	3.94	3.9699999999999998	8532	-1.0	1.9775	-1.1443524627394526	491058	0.982017798220178
(3.9699999999999998, 4.0)	3.9699999999999998	4.0	8992	-1.0	1.9925	-1.1969704311729505	500050	1.0
