Intervalo	Inicio	Fin	Count	Q	u/R	Sigma	q_Comulate	q/Q
(0.0, 0.08)	0.0	0.08	23	1.0	0.01	1143.9261534729978	23	6.1010385028582036e-05
(0.08, 0.16)	0.08	0.16	98	1.0	0.03	1624.7067107297648	121	0.00032096767775906205
(0.16, 0.24)	0.16	0.24	225	1.0	0.05	2238.116387229778	346	0.0009178084008647559
(0.24, 0.32)	0.24	0.32	286	1.0	0.07	2032.0675769768775	632	0.0016764592755679935
(0.32, 0.4)	0.32	0.4	343	1.0	0.09	1895.4911625180582	975	0.0025863098001246733
(0.4, 0.48)	0.4	0.48	441	1.0	0.11	1993.9582358956216	1416	0.0037561176174118333
(0.48, 0.56)	0.48	0.56	609	1.0	0.13	2329.93654670587	2025	0.005371566507951245
(0.56, 0.64)	0.56	0.64	543	1.0	0.15000000000000002	1800.4402937270668	2568	0.006811942119712986
(0.64, 0.72)	0.64	0.72	581	1.0	0.16999999999999998	1699.7981973601331	3149	0.008353117498043688
(0.72, 0.8)	0.72	0.8	704	1.0	0.19	1842.8467094851017	3853	0.010220565805005504
(0.8, 0.88)	0.8	0.88	942	1.0	0.21000000000000002	2231.01125584175	4795	0.012719338965741343
(0.88, 0.96)	0.88	0.96	966	1.0	0.22999999999999998	2088.908628081126	5761	0.015281775136941789
(0.96, 1.04)	0.96	1.04	1057	1.0	0.25	2102.834685601665	6818	0.018085600222820537
(1.04, 1.12)	1.04	1.12	1162	1.0	0.27	2140.486618897943	7980	0.02116795097948194
(1.12, 1.2)	1.12	1.2	1250	1.0	0.29000000000000004	2143.7896429404036	9230	0.024483732774513576
(1.2, 1.28)	1.2	1.28	1255	1.0	0.31	2013.5025562533117	10485	0.027812777696725334
(1.28, 1.36)	1.28	1.36	1302	1.0	0.33	1962.308105167116	11787	0.03126649601443028
(1.36, 1.44)	1.36	1.44	1536	1.0	0.35	2182.6963624031405	13323	0.035340928684165156
(1.44, 1.52)	1.44	1.52	1661	1.0	0.37	2232.73953104424	14984	0.039746939533403185
(1.52, 1.6)	1.52	1.6	1770	1.0	0.39	2257.2455871206266	16754	0.04444208655516798
(1.6, 1.68)	1.6	1.68	1921	1.0	0.41000000000000003	2330.309799386677	18675	0.04953778001777259
(1.68, 1.76)	1.68	1.76	1983	1.0	0.43	2293.6355534246227	20658	0.05479793625741077
(1.76, 1.84)	1.76	1.84	2002	1.0	0.45	2212.6958060414877	22660	0.06010849238033344
(1.84, 1.92)	1.84	1.92	2270	1.0	0.47	2402.1391011875185	24930	0.06612995212011089
(1.92, 2.0)	1.92	2.0	2440	1.0	0.49	2476.645798113677	27370	0.07260235818401263
(2.0, 2.08)	2.0	2.08	2607	1.0	0.51	2542.3831901995745	29977	0.0795177526957306
(2.08, 2.16)	2.08	2.16	2691	1.0	0.53	2525.270942572467	32668	0.08665596774407469
(2.16, 2.24)	2.16	2.24	2879	1.0	0.55	2603.4493247816267	35547	0.09429287637439156
(2.24, 2.32)	2.24	2.32	3099	1.0	0.5700000000000001	2704.063424571191	38646	0.10251336260063398
(2.32, 2.4)	2.32	2.4	3267	1.0	0.59	2754.021181574268	41913	0.11117948990012866
(2.4, 2.48)	2.4	2.48	3540	1.0	0.61	2886.3140294329346	45453	0.12056978394365823
(2.48, 2.56)	2.48	2.56	3809	1.0	0.63	3007.04949522336	49262	0.1306736342294786
(2.56, 2.64)	2.56	2.64	3892	1.0	0.65	2978.0338390079623	53154	0.14099765242648912
(2.64, 2.72)	2.64	2.72	4337	1.0	0.67	3219.4728926751345	57491	0.15250208894253087
(2.72, 2.8000000000000003)	2.72	2.8000000000000003	4636	1.0	0.6900000000000001	3341.677156585265	62127	0.16479966046394418
(2.8000000000000003, 2.88)	2.8000000000000003	2.88	5054	1.0	0.71	3540.3568767008924	67181	0.1782060294176161
(2.88, 2.96)	2.88	2.96	5416	1.0	0.73	3689.9964545620937	72597	0.19257264877912914
(2.96, 3.04)	2.96	3.04	5984	1.0	0.75	3968.2632477579205	78581	0.20844595938830457
(3.04, 3.12)	3.04	3.12	6533	1.0	0.77	4219.802123455156	85114	0.2257755613618579
(3.12, 3.2)	3.12	3.2	7152	1.0	0.79	4502.674655827662	92266	0.24474713848031088
(3.2, 3.2800000000000002)	3.2	3.2800000000000002	7707	1.0	0.81	4732.280657443048	99973	0.26519092271575795
(3.2800000000000002, 3.36)	3.2800000000000002	3.36	8936	1.0	0.8300000000000001	5354.700946796634	108909	0.28889478361208004
(3.36, 3.44)	3.36	3.44	10299	1.0	0.85	6026.238084203782	119208	0.3162141729777047
(3.44, 3.52)	3.44	3.52	11605	1.0	0.87	6634.314348352883	130813	0.34699789116277835
(3.52, 3.6)	3.52	3.6	13381	1.0	0.89	7477.711704749463	144194	0.382492672122233
(3.6, 3.68)	3.6	3.68	17595	1.0	0.91	9616.522059415864	161789	0.42916561666909825
(3.68, 3.7600000000000002)	3.68	3.7600000000000002	24602	1.0	0.93	13157.022546864235	186391	0.4944255076461928
(3.7600000000000002, 3.84)	3.7600000000000002	3.84	29274	1.0	0.95	15325.992776553183	215665	0.5720784646603976
(3.84, 3.92)	3.84	3.92	74379	1.0	0.97	38137.19559353125	290044	0.7693780919665238
(3.92, 4.0)	3.92	4.0	86941	1.0	0.99	43677.68278835999	376985	1.0
(4.00001, 4.400009799999999)	4.00001	4.400009799999999	211656	-1.0	1.0500024749999999	-20051.21194959323	211656	0.561400902884243
(4.400009799999999, 4.800009599999999)	4.400009799999999	4.800009599999999	39878	-1.0	1.1500024249999998	-3449.3318535885946	251534	0.6671741632936707
(4.800009599999999, 5.2000094)	4.800009599999999	5.2000094	21383	-1.0	1.2500023749999998	-1701.602691824844	272917	0.7238908899934751
(5.2000094, 5.6000092)	5.2000094	5.6000092	14167	-1.0	1.350002325	-1043.8635754560119	287084	0.7614677439034094
(5.6000092, 6.0000089999999995)	5.6000092	6.0000089999999995	9692	-1.0	1.450002275	-664.8827842838601	296776	0.7871750120685174
(6.0000089999999995, 6.4000088)	6.0000089999999995	6.4000088	7326	-1.0	1.550002225	-470.1483961079763	304102	0.8066066512118913
(6.4000088, 6.8000086)	6.4000088	6.8000086	6450	-1.0	1.650002175	-388.84414509092716	310552	0.8237147692128144
(6.8000086, 7.2000084)	6.8000086	7.2000084	4695	-1.0	1.750002125	-266.86854431421943	315247	0.8361678876646491
(7.2000084, 7.6000081999999995)	7.2000084	7.6000081999999995	3450	-1.0	1.850002075	-185.5014230894354	318697	0.8453187414790962
(7.6000081999999995, 8.000008)	7.6000081999999995	8.000008	2876	-1.0	1.9500020249999999	-146.70813136630377	321573	0.852947105412531
(8.000008, 8.400007800000001)	8.000008	8.400007800000001	3294	-1.0	2.050001975	-159.8341889015205	324867	0.8616841814892816
(8.400007800000001, 8.8000076)	8.400007800000001	8.8000076	3381	-1.0	2.150001925	-156.4251889115354	328248	0.8706520182274399
(8.8000076, 9.2000074)	8.8000076	9.2000074	1613	-1.0	2.250001875	-71.31023267640425	329861	0.8749303739383684
(9.2000074, 9.6000072)	9.2000074	9.6000072	1492	-1.0	2.350001825	-63.15401846090977	331353	0.8788877866604423
(9.6000072, 10.000007)	9.6000072	10.000007	1387	-1.0	2.450001775	-56.313228702269846	332740	0.8825666951359896
(10.000007, 10.4000068)	10.000007	10.4000068	1745	-1.0	2.550001725	-68.06993301105388	334485	0.8871951704711231
(10.4000068, 10.8000066)	10.4000068	10.8000066	1436	-1.0	2.650001675	-53.902468890247924	335921	0.8910040475950495
(10.8000066, 11.2000064)	10.8000066	11.2000064	1161	-1.0	2.750001625	-41.99519821174226	337082	0.8940835088352157
(11.2000064, 11.6000062)	11.2000064	11.6000062	1115	-1.0	2.850001575	-38.9161737297436	338197	0.8970409586911892
(11.6000062, 12.000005999999999)	11.6000062	12.000005999999999	917	-1.0	2.950001525	-30.920567868995807	339114	0.8994732291108553
(12.000005999999999, 12.4000058)	12.000005999999999	12.4000058	779	-1.0	3.050001475	-25.40608661907847	339893	0.9015394653779435
(12.4000058, 12.8000056)	12.4000058	12.8000056	621	-1.0	3.150001425	-19.610163564787463	340514	0.903186619064544
(12.8000056, 13.2000054)	12.8000056	13.2000054	527	-1.0	3.250001375	-16.129742588719918	341041	0.9045844451399683
(13.2000054, 13.6000052)	13.2000054	13.6000052	568	-1.0	3.350001325	-16.865674836006065	341609	0.9060910204926077
(13.6000052, 14.000005)	13.6000052	14.000005	819	-1.0	3.450001275	-23.613752788802223	342428	0.9082633536155156
(14.000005, 14.4000048)	14.000005	14.4000048	641	-1.0	3.550001225	-17.960974353447202	343069	0.909963555730026
(14.4000048, 14.8000046)	14.4000048	14.8000046	603	-1.0	3.650001175	-16.433295851893142	343672	0.9115629658315075
(14.8000046, 15.200004400000001)	14.8000046	15.200004400000001	563	-1.0	3.750001125	-14.93404181360007	344235	0.9130562790771696
(15.200004400000001, 15.6000042)	15.200004400000001	15.6000042	558	-1.0	3.850001075	-14.416960690317607	344793	0.914536330215854
(15.6000042, 16.000004)	15.6000042	16.000004	615	-1.0	3.950001025	-15.48739138328538	345408	0.9161675693740816
(16.000004, 16.4000038)	16.000004	16.4000038	566	-1.0	4.050000975	-13.901500176627133	345974	0.91766883988393
(16.4000038, 16.8000036)	16.4000038	16.8000036	546	-1.0	4.1500009250000005	-13.087142019356293	346520	0.9191170619658686
(16.8000036, 17.2000034)	16.8000036	17.2000034	543	-1.0	4.250000875	-12.708994046602365	347063	0.9205573267836208
(17.2000034, 17.6000032)	17.2000034	17.6000032	545	-1.0	4.350000825	-12.46256765865483	347608	0.9220028964441639
(17.6000032, 18.000003)	17.6000032	18.000003	529	-1.0	4.4500007749999995	-11.824858473215105	348137	0.9234060273623791
(18.000003, 18.4000028)	18.000003	18.4000028	584	-1.0	4.550000725	-12.767378905051407	348721	0.9249550414573464
(18.4000028, 18.8000026)	18.4000028	18.8000026	617	-1.0	4.650000674999999	-13.198741227470876	349338	0.926591585458365
(18.8000026, 19.200002400000002)	18.8000026	19.200002400000002	648	-1.0	4.750000625	-13.570058042067977	349986	0.9283103545226438
(19.200002400000002, 19.6000022)	19.200002400000002	19.6000022	686	-1.0	4.850000575	-14.069630490612631	350672	0.9301299155999512
(19.6000022, 20.000002000000002)	19.6000022	20.000002000000002	657	-1.0	4.950000525	-13.202631162069338	351329	0.9318725564567895
(20.000002000000002, 20.400001800000002)	20.000002000000002	20.400001800000002	587	-1.0	5.050000475000001	-11.562374940536717	351916	0.9334295278159431
(20.400001800000002, 20.8000016)	20.400001800000002	20.8000016	591	-1.0	5.150000425	-11.4151226499194	352507	0.9349971088606789
(20.8000016, 21.2000014)	20.8000016	21.2000014	593	-1.0	5.250000375000001	-11.235585916857957	353100	0.9365699947482057
(21.2000014, 21.6000012)	21.2000014	21.6000012	609	-1.0	5.350000325	-11.323061088513645	353709	0.9381853193780603
(21.6000012, 22.000001)	21.6000012	22.000001	616	-1.0	5.450000275000001	-11.24306066713395	354325	0.9398192109576833
(22.000001, 22.4000008)	22.000001	22.4000008	802	-1.0	5.550000225	-14.374135473668385	355127	0.9419464529168678
(22.4000008, 22.8000006)	22.4000008	22.8000006	872	-1.0	5.650000175000001	-15.352121180213386	355999	0.9442593643737368
(22.8000006, 23.2000004)	22.8000006	23.2000004	1005	-1.0	5.750000125	-17.38595590277852	357004	0.9469250478762062
(23.2000004, 23.6000002)	23.2000004	23.6000002	1857	-1.0	5.8500000750000005	-31.57594800298879	358861	0.9518505944076348
(23.6000002, 24.0)	23.6000002	24.0	18153	-1.0	5.950000025	-303.4812094935387	377014	1.0
