Intervalo	Inicio	Fin	Count	Q	u/R	Sigma	q_Comulate	q/Q
(0.0, 0.08)	0.0	0.08	32	1.0	0.01	3.968951199299136	32	0.0001600032000640013
(0.08, 0.16)	0.08	0.16	97	1.0	0.03	4.010294440958501	129	0.0006450129002580051
(0.16, 0.24)	0.16	0.24	172	1.0	0.05	4.266622539246571	301	0.001505030100602012
(0.24, 0.32)	0.24	0.32	189	1.0	0.07	3.348802574408645	490	0.0024500490009800196
(0.32, 0.4)	0.32	0.4	298	1.0	0.09	4.106762004830354	788	0.003940078801576032
(0.4, 0.48)	0.4	0.48	340	1.0	0.11	3.833646044777576	1128	0.0056401128022560455
(0.48, 0.56)	0.48	0.56	424	1.0	0.13	4.04527718390104	1552	0.007760155203104062
(0.56, 0.64)	0.56	0.64	503	1.0	0.15000000000000002	4.15913011093222	2055	0.010275205504110083
(0.64, 0.72)	0.64	0.72	531	1.0	0.16999999999999998	3.8741049390217683	2586	0.012930258605172103
(0.72, 0.8)	0.72	0.8	632	1.0	0.19	4.1256203255872546	3218	0.016090321806436127
(0.8, 0.88)	0.8	0.88	652	1.0	0.21000000000000002	3.8508276517009516	3870	0.019350387007740156
(0.88, 0.96)	0.88	0.96	792	1.0	0.22999999999999998	4.270936616637114	4662	0.023310466209324185
(0.96, 1.04)	0.96	1.04	853	1.0	0.25	4.2318942162527	5515	0.027575551511030222
(1.04, 1.12)	1.04	1.12	935	1.0	0.27	4.295103439056354	6450	0.03225064501290026
(1.12, 1.2)	1.12	1.2	956	1.0	0.29000000000000004	4.088704037209029	7406	0.0370307406148123
(1.2, 1.28)	1.2	1.28	1064	1.0	0.31	4.257020237957941	8470	0.04235084701694034
(1.28, 1.36)	1.28	1.36	1126	1.0	0.33	4.232044555313277	9596	0.04798095961919238
(1.36, 1.44)	1.36	1.44	1231	1.0	0.35	4.362302612801113	10827	0.05413608272165443
(1.44, 1.52)	1.44	1.52	1334	1.0	0.37	4.4717744086698	12161	0.060806216124322486
(1.52, 1.6)	1.52	1.6	1367	1.0	0.39	4.347400872950247	13528	0.06764135282705654
(1.6, 1.68)	1.6	1.68	1487	1.0	0.41000000000000003	4.498346366888594	15015	0.0750765015300306
(1.68, 1.76)	1.68	1.76	1570	1.0	0.43	4.528527167804968	16585	0.08292665853317066
(1.76, 1.84)	1.76	1.84	1631	1.0	0.45	4.495388476428392	18216	0.09108182163643273
(1.84, 1.92)	1.84	1.92	1768	1.0	0.47	4.665628803431435	19984	0.0999219984399688
(1.92, 2.0)	1.92	2.0	1797	1.0	0.49	4.548600322155959	21781	0.10890717814356288
(2.0, 2.08)	2.0	2.08	2089	1.0	0.51	5.080354813318555	23870	0.11935238704774095
(2.08, 2.16)	2.08	2.16	2065	1.0	0.53	4.832478907165517	25935	0.12967759355187103
(2.16, 2.24)	2.16	2.24	2275	1.0	0.55	5.130320442275867	28210	0.14105282105642114
(2.24, 2.32)	2.24	2.32	2324	1.0	0.5700000000000001	5.0569312429666775	30534	0.1526730534610692
(2.32, 2.4)	2.32	2.4	2426	1.0	0.59	5.099934115201112	32960	0.1648032960659213
(2.4, 2.48)	2.4	2.48	2676	1.0	0.61	5.441041705596555	35636	0.17818356367127341
(2.48, 2.56)	2.48	2.56	2933	1.0	0.63	5.774272751758118	38569	0.19284885697713955
(2.56, 2.64)	2.56	2.64	2827	1.0	0.65	5.3943389617397335	41396	0.20698413968279367
(2.64, 2.72)	2.64	2.72	3081	1.0	0.67	5.703516159067451	44477	0.22238944778895578
(2.72, 2.8000000000000003)	2.72	2.8000000000000003	3431	1.0	0.6900000000000001	6.167333136229768	47908	0.23954479089581793
(2.8000000000000003, 2.88)	2.8000000000000003	2.88	3596	1.0	0.71	6.281843535510456	51504	0.25752515050301006
(2.88, 2.96)	2.88	2.96	3816	1.0	0.73	6.483526445430437	55320	0.2766055321106422
(2.96, 3.04)	2.96	3.04	4093	1.0	0.75	6.7687155244713955	59413	0.2970709414188284
(3.04, 3.12)	3.04	3.12	4300	1.0	0.77	6.926335290984682	63713	0.31857137142742853
(3.12, 3.2)	3.12	3.2	4705	1.0	0.79	7.386833620531009	68418	0.34209684193683876
(3.2, 3.2800000000000002)	3.2	3.2800000000000002	5147	1.0	0.81	7.8812468452132185	73565	0.36783235664713293
(3.2800000000000002, 3.36)	3.2800000000000002	3.36	5522	1.0	0.8300000000000001	8.251712546133271	79087	0.3954429088581772
(3.36, 3.44)	3.36	3.44	6094	1.0	0.85	8.8922016943121	85181	0.4259135182703654
(3.44, 3.52)	3.44	3.52	6686	1.0	0.87	9.531755646017952	91867	0.4593441868837377
(3.52, 3.6)	3.52	3.6	7518	1.0	0.89	10.477027779610548	99385	0.496934938698774
(3.6, 3.68)	3.6	3.68	8541	1.0	0.91	11.641075615801487	107926	0.5396407928158563
(3.68, 3.7600000000000002)	3.68	3.7600000000000002	10348	1.0	0.93	13.800640796487675	118274	0.5913818276365528
(3.7600000000000002, 3.84)	3.7600000000000002	3.84	14370	1.0	0.95	18.761127873002916	132644	0.6632332646652933
(3.84, 3.92)	3.84	3.92	11136	1.0	0.97	14.239123890269084	143780	0.7189143782875658
(3.92, 4.0)	3.92	4.0	56216	1.0	0.99	70.42883857948226	199996	1.0
(5.0, 5.06)	5.0	5.06	34316	-1.0	1.2574999999999998	-45.128737360884664	34316	0.17158
(5.06, 5.12)	5.06	5.12	11391	-1.0	1.2725	-14.803642145126426	45707	0.228535
(5.12, 5.18)	5.12	5.18	7697	-1.0	1.2875	-9.886413391911228	53404	0.26702
(5.18, 5.24)	5.18	5.24	6775	-1.0	1.3025	-8.601933581334409	60179	0.300895
(5.24, 5.3)	5.24	5.3	6069	-1.0	1.3175	-7.617825688977409	66248	0.33124
(5.3, 5.36)	5.3	5.36	5370	-1.0	1.3325	-6.664561582312754	71618	0.35809
(5.36, 5.42)	5.36	5.42	4853	-1.0	1.3475000000000001	-5.9558813142235145	76471	0.382355
(5.42, 5.48)	5.42	5.48	4537	-1.0	1.3625	-5.506768070709506	81008	0.40504
(5.48, 5.54)	5.48	5.54	4051	-1.0	1.3775	-4.8633458283003215	85059	0.425295
(5.54, 5.6)	5.54	5.6	3766	-1.0	1.3925	-4.472492584249151	88825	0.444125
(5.6, 5.66)	5.6	5.66	3590	-1.0	1.4075	-4.218038722760143	92415	0.462075
(5.66, 5.72)	5.66	5.72	3432	-1.0	1.4224999999999999	-3.9898771282937227	95847	0.479235
(5.72, 5.78)	5.72	5.78	3237	-1.0	1.4375	-3.7239116035162936	99084	0.49542
(5.78, 5.84)	5.78	5.84	3007	-1.0	1.4525000000000001	-3.423590434966318	102091	0.510455
(5.84, 5.9)	5.84	5.9	2891	-1.0	1.4675	-3.2578756153247275	104982	0.52491
(5.9, 5.96)	5.9	5.96	2857	-1.0	1.4825	-3.186985265991477	107839	0.539195
(5.96, 6.02)	5.96	6.02	2684	-1.0	1.4975	-2.9640136390982086	110523	0.552615
(6.02, 6.08)	6.02	6.08	2639	-1.0	1.5125	-2.8854165881405867	113162	0.56581
(6.08, 6.14)	6.08	6.14	2542	-1.0	1.5274999999999999	-2.752065997986484	115704	0.57852
(6.14, 6.2)	6.14	6.2	2444	-1.0	1.5425	-2.6202368263335982	118148	0.59074
(6.2, 6.26)	6.2	6.26	2455	-1.0	1.5575	-2.606681432391517	120603	0.603015
(6.26, 6.32)	6.26	6.32	2260	-1.0	1.5725	-2.3767434314827574	122863	0.614315
(6.32, 6.38)	6.32	6.38	2261	-1.0	1.5875	-2.3553277327074604	125124	0.62562
(6.38, 6.4399999999999995)	6.38	6.4399999999999995	2318	-1.0	1.6025	-2.3921031929213483	127442	0.63721
(6.4399999999999995, 6.5)	6.4399999999999995	6.5	2317	-1.0	1.6175	-2.3688974571808306	129759	0.648795
(6.5, 6.5600000000000005)	6.5	6.5600000000000005	2206	-1.0	1.6325	-2.234687683934103	131965	0.659825
(6.5600000000000005, 6.62)	6.5600000000000005	6.62	2164	-1.0	1.6475	-2.172182699869337	134129	0.670645
(6.62, 6.68)	6.62	6.68	2133	-1.0	1.6625	-2.121747596016319	136262	0.68131
(6.68, 6.74)	6.68	6.74	2170	-1.0	1.6775	-2.139250894803541	138432	0.69216
(6.74, 6.8)	6.74	6.8	2171	-1.0	1.6925	-2.1212686001178076	140603	0.703015
(6.8, 6.859999999999999)	6.8	6.859999999999999	2153	-1.0	1.7075	-2.0852005690803077	142756	0.71378
(6.859999999999999, 6.92)	6.859999999999999	6.92	2147	-1.0	1.7225	-2.061281621890448	144903	0.724515
(6.92, 6.98)	6.92	6.98	2129	-1.0	1.7375	-2.0263542214167454	147032	0.73516
(6.98, 7.04)	6.98	7.04	2126	-1.0	1.7525	-2.0061793270827457	149158	0.74579
(7.04, 7.1)	7.04	7.1	2115	-1.0	1.7675	-1.9788618072884703	151273	0.756365
(7.1, 7.16)	7.1	7.16	2266	-1.0	1.7825	-2.102300939133196	153539	0.767695
(7.16, 7.22)	7.16	7.22	2200	-1.0	1.7974999999999999	-2.0240363093319655	155739	0.778695
(7.22, 7.279999999999999)	7.22	7.279999999999999	2245	-1.0	1.8125	-2.0483437798681976	157984	0.78992
(7.279999999999999, 7.34)	7.279999999999999	7.34	2337	-1.0	1.8275	-2.1147831629644287	160321	0.801605
(7.34, 7.4)	7.34	7.4	2455	-1.0	1.8425	-2.203476977448961	162776	0.81388
(7.4, 7.46)	7.4	7.46	2454	-1.0	1.8575	-2.18479278669361	165230	0.82615
(7.46, 7.52)	7.46	7.52	2544	-1.0	1.8725	-2.246776112820887	167774	0.83887
(7.52, 7.58)	7.52	7.58	2655	-1.0	1.8875	-2.3261733850196773	170429	0.852145
(7.58, 7.64)	7.58	7.64	2800	-1.0	1.9024999999999999	-2.4338728335605837	173229	0.866145
(7.64, 7.699999999999999)	7.64	7.699999999999999	3035	-1.0	1.9175	-2.6175069295682225	176264	0.88132
(7.699999999999999, 7.76)	7.699999999999999	7.76	3295	-1.0	1.9324999999999999	-2.8196839589673512	179559	0.897795
(7.76, 7.82)	7.76	7.82	3857	-1.0	1.9475	-3.275191436819984	183416	0.91708
(7.82, 7.88)	7.82	7.88	4339	-1.0	1.9625	-3.6563225591845177	187755	0.938775
(7.88, 7.9399999999999995)	7.88	7.9399999999999995	5610	-1.0	1.9775	-4.691490987793589	193365	0.966825
(7.9399999999999995, 8.0)	7.9399999999999995	8.0	6635	-1.0	1.9925	-5.506899039596301	200000	1.0
