Intervalo	Inicio	Fin	Count	Q	u/R	Sigma	q_Comulate	q/Q
(0.0, 0.08)	0.0	0.08	100	1.0	0.01	9.92732928467411	100	0.0004
(0.08, 0.16)	0.08	0.16	289	1.0	0.03	9.563327210902726	389	0.001556
(0.16, 0.24)	0.16	0.24	458	1.0	0.05	9.093433624761486	847	0.003388
(0.24, 0.32)	0.24	0.32	691	1.0	0.07	9.799692193871154	1538	0.006152
(0.32, 0.4)	0.32	0.4	921	1.0	0.09	10.15896696798317	2459	0.009836
(0.4, 0.48)	0.4	0.48	1092	1.0	0.11	9.85513052624012	3551	0.014204
(0.48, 0.56)	0.48	0.56	1260	1.0	0.13	9.621872998991824	4811	0.019244
(0.56, 0.64)	0.56	0.64	1414	1.0	0.15000000000000002	9.35816240568613	6225	0.0249
(0.64, 0.72)	0.64	0.72	1696	1.0	0.16999999999999998	9.903970862827824	7921	0.031684
(0.72, 0.8)	0.72	0.8	1858	1.0	0.19	9.707883058381302	9779	0.039116
(0.8, 0.88)	0.8	0.88	2091	1.0	0.21000000000000002	9.884783587739804	11870	0.04748
(0.88, 0.96)	0.88	0.96	2374	1.0	0.22999999999999998	10.246730313833192	14244	0.056976
(0.96, 1.04)	0.96	1.04	2485	1.0	0.25	9.867765308966057	16729	0.066916
(1.04, 1.12)	1.04	1.12	2755	1.0	0.27	10.12955265899154	19484	0.077936
(1.12, 1.2)	1.12	1.2	2797	1.0	0.29000000000000004	9.574737934218456	22281	0.089124
(1.2, 1.28)	1.2	1.28	3157	1.0	0.31	10.109864048940691	25438	0.101752
(1.28, 1.36)	1.28	1.36	3381	1.0	0.33	10.171000094388825	28819	0.115276
(1.36, 1.44)	1.36	1.44	3447	1.0	0.35	9.777001155506209	32266	0.129064
(1.44, 1.52)	1.44	1.52	3707	1.0	0.37	9.946110718455921	35973	0.143892
(1.52, 1.6)	1.52	1.6	3932	1.0	0.39	10.008784294189367	39905	0.15962
(1.6, 1.68)	1.6	1.68	3998	1.0	0.41000000000000003	9.680356702470057	43903	0.175612
(1.68, 1.76)	1.68	1.76	4202	1.0	0.43	9.70107852423269	48105	0.19242
(1.76, 1.84)	1.76	1.84	4535	1.0	0.45	10.004541845777123	52640	0.21056
(1.84, 1.92)	1.84	1.92	4741	1.0	0.47	10.013929391200001	57381	0.229524
(1.92, 2.0)	1.92	2.0	4843	1.0	0.49	9.81184810728096	62224	0.248896
(2.0, 2.08)	2.0	2.08	5058	1.0	0.51	9.845574808212074	67282	0.269128
(2.08, 2.16)	2.08	2.16	5317	1.0	0.53	9.959171661624955	72599	0.290396
(2.16, 2.24)	2.16	2.24	5404	1.0	0.55	9.754052264432518	78003	0.312012
(2.24, 2.32)	2.24	2.32	5753	1.0	0.5700000000000001	10.019636030654445	83756	0.335024
(2.32, 2.4)	2.32	2.4	5938	1.0	0.59	9.991268015660143	89694	0.358776
(2.4, 2.48)	2.4	2.48	5929	1.0	0.61	9.649038578497168	95623	0.382492
(2.48, 2.56)	2.48	2.56	6259	1.0	0.63	9.862722855996074	101882	0.407528
(2.56, 2.64)	2.56	2.64	6447	1.0	0.65	9.846383368968299	108329	0.433316
(2.64, 2.72)	2.64	2.72	6668	1.0	0.67	9.87991517465774	114997	0.459988
(2.72, 2.8000000000000003)	2.72	2.8000000000000003	6947	1.0	0.6900000000000001	9.994950223279858	121944	0.487776
(2.8000000000000003, 2.88)	2.8000000000000003	2.88	7069	1.0	0.71	9.88398460751572	129013	0.516052
(2.88, 2.96)	2.88	2.96	7179	1.0	0.73	9.762780402010334	136192	0.544768
(2.96, 3.04)	2.96	3.04	7413	1.0	0.75	9.812172264971883	143605	0.57442
(3.04, 3.12)	3.04	3.12	7775	1.0	0.77	10.024024050433907	151380	0.60552
(3.12, 3.2)	3.12	3.2	7872	1.0	0.79	9.892143813791698	159252	0.637008
(3.2, 3.2800000000000002)	3.2	3.2800000000000002	7983	1.0	0.81	9.783934528339934	167235	0.66894
(3.2800000000000002, 3.36)	3.2800000000000002	3.36	8293	1.0	0.8300000000000001	9.918956838289509	175528	0.702112
(3.36, 3.44)	3.36	3.44	8372	1.0	0.85	9.777835384857832	183900	0.7356
(3.44, 3.52)	3.44	3.52	8605	1.0	0.87	9.81892741317478	192505	0.77002
(3.52, 3.6)	3.52	3.6	8774	1.0	0.89	9.786785072329266	201279	0.805116
(3.6, 3.68)	3.6	3.68	9154	1.0	0.91	9.986238711198554	210433	0.841732
(3.68, 3.7600000000000002)	3.68	3.7600000000000002	9235	1.0	0.93	9.85794472515754	219668	0.878672
(3.7600000000000002, 3.84)	3.7600000000000002	3.84	9566	1.0	0.95	9.996298098651897	229234	0.916936
(3.84, 3.92)	3.84	3.92	9587	1.0	0.97	9.811681015687714	238821	0.955284
(3.92, 4.0)	3.92	4.0	11179	1.0	0.99	11.209860007411278	250000	1.0
(5.0, 5.06)	5.0	5.06	4128	-1.0	1.2574999999999998	-4.345130845554403	4128	0.016512
(5.06, 5.12)	5.06	5.12	3935	-1.0	1.2725	-4.093154235514586	8063	0.032252
(5.12, 5.18)	5.12	5.18	3990	-1.0	1.2875	-4.102011013162461	12053	0.048212
(5.18, 5.24)	5.18	5.24	3933	-1.0	1.3025	-3.9968456636338185	15986	0.063944
(5.24, 5.3)	5.24	5.3	3966	-1.0	1.3175	-3.984494668490091	19952	0.079808
(5.3, 5.36)	5.3	5.36	4136	-1.0	1.3325	-4.10851121164846	24088	0.096352
(5.36, 5.42)	5.36	5.42	4123	-1.0	1.3475000000000001	-4.050006544535476	28211	0.112844
(5.42, 5.48)	5.42	5.48	4249	-1.0	1.3625	-4.127826018894686	32460	0.12984
(5.48, 5.54)	5.48	5.54	4241	-1.0	1.3775	-4.0751896911122145	36701	0.146804
(5.54, 5.6)	5.54	5.6	4323	-1.0	1.3925	-4.109237055429948	41024	0.164096
(5.6, 5.66)	5.6	5.66	4217	-1.0	1.4075	-3.9657593931055377	45241	0.180964
(5.66, 5.72)	5.66	5.72	4382	-1.0	1.4224999999999999	-4.077474580006316	49623	0.198492
(5.72, 5.78)	5.72	5.78	4442	-1.0	1.4375	-4.090174764755671	54065	0.21626
(5.78, 5.84)	5.78	5.84	4449	-1.0	1.4525000000000001	-4.054314445210825	58514	0.234056
(5.84, 5.9)	5.84	5.9	4555	-1.0	1.4675	-4.108482443310859	63069	0.252276
(5.9, 5.96)	5.9	5.96	4452	-1.0	1.4825	-3.9749495199882463	67521	0.270084
(5.96, 6.02)	5.96	6.02	4645	-1.0	1.4975	-4.105726836043325	72166	0.288664
(6.02, 6.08)	6.02	6.08	4623	-1.0	1.5125	-4.045755881701203	76789	0.307156
(6.08, 6.14)	6.08	6.14	4659	-1.0	1.5274999999999999	-4.037222226932626	81448	0.325792
(6.14, 6.2)	6.14	6.2	4671	-1.0	1.5425	-4.00825975915395	86119	0.344476
(6.2, 6.26)	6.2	6.26	4742	-1.0	1.5575	-4.0299964017485435	90861	0.363444
(6.26, 6.32)	6.26	6.32	4782	-1.0	1.5725	-4.025224261944755	95643	0.382572
(6.32, 6.38)	6.32	6.38	4737	-1.0	1.5875	-3.949670032252109	100380	0.40152
(6.38, 6.4399999999999995)	6.38	6.4399999999999995	4910	-1.0	1.6025	-4.055595364555421	105290	0.42116
(6.4399999999999995, 6.5)	6.4399999999999995	6.5	4947	-1.0	1.6175	-4.048263614325171	110237	0.440948
(6.5, 6.5600000000000005)	6.5	6.5600000000000005	4955	-1.0	1.6325	-4.017553168396919	115192	0.460768
(6.5600000000000005, 6.62)	6.5600000000000005	6.62	5087	-1.0	1.6475	-4.087026733121892	120279	0.481116
(6.62, 6.68)	6.62	6.68	5222	-1.0	1.6625	-4.157635169890209	125501	0.502004
(6.68, 6.74)	6.68	6.74	5205	-1.0	1.6775	-4.107044127310748	130706	0.522824
(6.74, 6.8)	6.74	6.8	5099	-1.0	1.6925	-3.987746097296224	135805	0.54322
(6.8, 6.859999999999999)	6.8	6.859999999999999	5119	-1.0	1.7075	-3.9682185345629777	140924	0.563696
(6.859999999999999, 6.92)	6.859999999999999	6.92	5237	-1.0	1.7225	-4.024338536146106	146161	0.584644
(6.92, 6.98)	6.92	6.98	5252	-1.0	1.7375	-4.001023186809265	151413	0.605652
(6.98, 7.04)	6.98	7.04	5359	-1.0	1.7525	-4.047593543438438	156772	0.627088
(7.04, 7.1)	7.04	7.1	5465	-1.0	1.7675	-4.0926245763880535	162237	0.648948
(7.1, 7.16)	7.1	7.16	5483	-1.0	1.7825	-4.071550927937764	167720	0.67088
(7.16, 7.22)	7.16	7.22	5497	-1.0	1.7974999999999999	-4.047883473554276	173217	0.692868
(7.22, 7.279999999999999)	7.22	7.279999999999999	5501	-1.0	1.8125	-4.017304893424765	178718	0.714872
(7.279999999999999, 7.34)	7.279999999999999	7.34	5735	-1.0	1.8275	-4.153815481813439	184453	0.737812
(7.34, 7.4)	7.34	7.4	5772	-1.0	1.8425	-4.146579439612016	190225	0.7609
(7.4, 7.46)	7.4	7.46	5746	-1.0	1.8575	-4.094566824207278	195971	0.783884
(7.46, 7.52)	7.46	7.52	5790	-1.0	1.8725	-4.092869536858992	201761	0.807044
(7.52, 7.58)	7.52	7.58	5918	-1.0	1.8875	-4.150105762945766	207679	0.830716
(7.58, 7.64)	7.58	7.64	6013	-1.0	1.9024999999999999	-4.183480051773678	213692	0.854768
(7.64, 7.699999999999999)	7.64	7.699999999999999	5832	-1.0	1.9175	-4.025810300788861	219524	0.878096
(7.699999999999999, 7.76)	7.699999999999999	7.76	5965	-1.0	1.9324999999999999	-4.085658934580818	225489	0.901956
(7.76, 7.82)	7.76	7.82	5838	-1.0	1.9475	-3.967873229879459	231327	0.925308
(7.82, 7.88)	7.82	7.88	6027	-1.0	1.9625	-4.065020032185567	237354	0.949416
(7.88, 7.9399999999999995)	7.88	7.9399999999999995	5997	-1.0	1.9775	-4.0141049284579005	243351	0.973404
(7.9399999999999995, 8.0)	7.9399999999999995	8.0	6649	-1.0	1.9925	-4.417017978338605	250000	1.0
